Unnamed: 0,accuracy,balanced_accuracy,recall,precision,auc,pr_auc,f1_score,f2_score,log_loss
0,0.7458333333333333,0.7457756827102298,0.7111853088480802,0.7634408602150538,0.7457756827102298,0.8093964178649002,0.7363872082973207,0.7210561949898444,8.77869362275712
1,0.7458333333333333,0.7458006827796744,0.7262103505843072,0.7552083333333334,0.7458006827796744,0.8090426752921536,0.7404255319148937,0.7318304172274563,8.778699619737846
2,0.745,0.7449465137403158,0.7128547579298832,0.7611408199643493,0.7449465137403158,0.808664455613783,0.7362068965517242,0.722015556307068,8.80747726908193
3,0.7358333333333333,0.7357756549323748,0.7011686143572621,0.7526881720430108,0.7357756549323747,0.8015117265334697,0.7260155574762316,0.7109004739336493,9.124085384693377
4,0.74,0.7399603887788577,0.7161936560934892,0.7513134851138353,0.7399603887788577,0.8045869039369956,0.7333333333333335,0.7229524772497473,8.980176481706017
5,0.7383333333333333,0.7382687174131041,0.6994991652754591,0.7576853526220615,0.7382687174131038,0.8035922589487603,0.7274305555555555,0.7104103085791794,9.037735778381334
6,0.7325,0.7324728679801888,0.7161936560934892,0.7396551724137931,0.7324728679801888,0.7987577475869745,0.7277353689567431,0.7207661290322581,9.239223301648575
7,0.7391666666666666,0.739111775310487,0.7061769616026711,0.7553571428571428,0.7391117753104869,0.8041003855632403,0.7299396031061259,0.7154939106901218,9.008955463712486
8,0.7408333333333333,0.74078122439229,0.7095158597662772,0.7562277580071174,0.74078122439229,0.8053718088866973,0.7321274763135229,0.7183908045977013,8.951390836387633
9,0.7416666666666667,0.7416159489331915,0.7111853088480802,0.7566607460035524,0.7416159489331915,0.8060063607591496,0.7332185886402754,0.7198377830348092,8.922608522725207
10,0.7516666666666667,0.7516548657079603,0.7445742904841403,0.754653130287648,0.7516548657079603,0.8133637103858942,0.7495798319327731,0.7465684633411449,8.577226089425634
11,0.7458333333333333,0.7457840160667113,0.7161936560934892,0.7606382978723404,0.7457840160667113,0.8092493103162479,0.7377472055030094,0.7246621621621622,8.778695621750696
12,0.7275,0.7274395206653352,0.6911519198664441,0.7446043165467626,0.7274395206653351,0.7949614515399367,0.7168831168831168,0.7012195121951221,9.4119111866424
13,0.74,0.7399520554223762,0.7111853088480802,0.7539823008849558,0.7399520554223762,0.8046671381998514,0.731958762886598,0.7193515704154003,8.980174482712439
14,0.7366666666666667,0.736615935044264,0.7061769616026711,0.7513321492007105,0.7366159350442639,0.8020878887350242,0.7280550774526678,0.7147685028725922,9.095304403693337
15,0.7316666666666667,0.7316186989408304,0.7028380634390651,0.7451327433628319,0.7316186989408303,0.7981520700676151,0.7233676975945017,0.7109084768659236,9.268000950992658
16,0.7433333333333333,0.7432548423745622,0.6961602671118531,0.7679558011049724,0.7432548423745621,0.8078913674417461,0.7302977232924693,0.7094249744811161,8.865036565757244
17,0.7408333333333333,0.7407617798938331,0.6978297161936561,0.7627737226277372,0.740761779893833,0.8057183860773633,0.7288578901482128,0.7099184782608695,8.951386172069288
18,0.7433333333333333,0.7432548423745622,0.6961602671118531,0.7679558011049724,0.7432548423745621,0.8078913674417461,0.7302977232924693,0.7094249744811161,8.865036565757244
19,0.7258333333333333,0.7257589604415569,0.6811352253756261,0.7472527472527473,0.7257589604415567,0.7937773196475201,0.7126637554585153,0.6934058463630184,9.469473148642484
20,0.7341666666666666,0.7341062058505718,0.6978297161936561,0.7517985611510791,0.7341062058505717,0.8002308053390342,0.7238095238095237,0.7079945799457995,9.18165001201823
21,0.7416666666666667,0.74160761557671,0.7061769616026711,0.7594254937163375,0.7416076155767098,0.8061345609928376,0.7318339100346021,0.7162207924144938,8.922606523731632
22,0.7516666666666667,0.751624310067528,0.7262103505843072,0.7644991212653779,0.751624310067528,0.8136880692581758,0.7448630136986302,0.7335581787521079,8.577218759782523
23,0.7358333333333333,0.7357589882194118,0.6911519198664441,0.7582417582417582,0.7357589882194117,0.8017801723874345,0.7231441048034936,0.7036029911624745,9.124081386706226
24,0.74,0.739938166494907,0.7028380634390651,0.7585585585585586,0.7399381664949068,0.8048649776654786,0.7296360485268629,0.7133175194849204,8.980171151056483
25,0.7391666666666666,0.7391034419540055,0.7011686143572621,0.7581227436823105,0.7391034419540053,0.8042290123531196,0.7285342584562012,0.7118644067796609,9.008953464718909
26,0.745,0.7449298470273529,0.7028380634390651,0.7668488160291439,0.7449298470273528,0.8090101064007711,0.7334494773519163,0.7147707979626485,8.807473271094779
27,0.7341666666666666,0.7340589834971764,0.669449081803005,0.7681992337164751,0.7340589834971762,0.8013241577597401,0.7154326494201606,0.6871144619602467,9.181638684387966
28,0.7433333333333333,0.7432881758004883,0.7161936560934892,0.7566137566137566,0.7432881758004883,0.8072370396869563,0.7358490566037736,0.7239284508943639,8.865044561731548
29,0.7433333333333333,0.7432659535165376,0.7028380634390651,0.7640653357531759,0.7432659535165375,0.8076183662627872,0.7321739130434782,0.7142857142857142,8.865039231082012
30,0.7425,0.7424173400481668,0.6928213689482471,0.7685185185185185,0.7424173400481667,0.8073366104000494,0.7287093942054433,0.7067438692098093,8.89381821308848
31,0.7375,0.7374395484431902,0.7011686143572621,0.7553956834532374,0.73743954844319,0.8028654822385831,0.7272727272727272,0.7113821138211381,9.066519424706144
32,0.7441666666666666,0.7440979002719452,0.7028380634390651,0.7654545454545455,0.7440979002719451,0.808312971113472,0.732811140121845,0.7145281737949762,8.836256251088395
33,0.7383333333333333,0.7382381617726717,0.6811352253756261,0.7683615819209041,0.7382381617726715,0.8043317369815983,0.7221238938053098,0.6969593440382645,9.037728448738225
34,0.76,0.7599437776216045,0.7262103505843072,0.7781753130590341,0.7599437776216045,0.8205261651550039,0.7512953367875648,0.7360406091370558,8.289388959846349
35,0.7483333333333333,0.7482798563329343,0.7161936560934892,0.7647058823529411,0.7482798563329341,0.8112831025565485,0.7396551724137929,0.7253973621914103,8.692346681769845
36,0.7683333333333333,0.7682743563176564,0.7328881469115192,0.7881508078994613,0.7682743563176564,0.827186144072157,0.759515570934256,0.7433118862174061,8.001561825234944
37,0.7383333333333333,0.7382603840566224,0.6944908180300501,0.7605118829981719,0.7382603840566224,0.803751350514111,0.7260034904013961,0.7067618076792388,9.03773377938776
38,0.7508333333333334,0.7507729188136634,0.7145242070116862,0.7697841726618705,0.7507729188136634,0.8134041898367783,0.7411255411255412,0.7249322493224932,8.605997075457799
39,0.74,0.739938166494907,0.7028380634390651,0.7585585585585586,0.7399381664949068,0.8048649776654786,0.7296360485268629,0.7133175194849204,8.98017115105648
40,0.7391666666666666,0.7391062197394993,0.7028380634390651,0.7571942446043165,0.7391062197394992,0.8041828206883574,0.7290043290043291,0.7130758807588076,9.008954131050102
41,0.7425,0.7424284511901422,0.6994991652754591,0.7645985401459854,0.7424284511901421,0.8070488527107222,0.7306015693112465,0.7116168478260869,8.893820878413248
42,0.7491666666666666,0.7491229142303173,0.7228714524207012,0.7623239436619719,0.7491229142303173,0.8117643647080033,0.7420736932305056,0.7304318488529016,8.663566367100993
43,0.7408333333333333,0.7407590021083392,0.6961602671118531,0.7637362637362637,0.7407590021083391,0.8057815987573916,0.7283842794759826,0.7087015635622026,8.9513855057381
44,0.7525,0.7524423678954664,0.7178631051752922,0.7706093189964157,0.7524423678954664,0.8146528787525207,0.7433016421780467,0.7278266756939743,8.548432448132948
45,0.7475,0.7474312428645635,0.7061769616026711,0.769090909090909,0.7474312428645634,0.8109672686801234,0.7362924281984334,0.7179226069246436,8.721125663776311
46,0.7491666666666666,0.749092358589885,0.7045075125208681,0.7728937728937729,0.7490923585898849,0.8124506427073205,0.7371179039301311,0.7171991842284159,8.663559037457883
47,0.7358333333333333,0.7357700993613872,0.6978297161936561,0.7545126353790613,0.735770099361387,0.8015878424530254,0.7250650477016479,0.7084745762711864,9.124084052030994
48,0.7491666666666666,0.7490673585204404,0.6894824707846411,0.7821969696969697,0.7490673585204403,0.8133397202408055,0.7329192546583851,0.7062243502051984,8.663553040477156
49,0.75,0.7499131942033173,0.6978297161936561,0.7783985102420856,0.7499131942033171,0.8135307798845375,0.7359154929577465,0.7125809751108081,8.634773392139499
50,0.745,0.7449492915258098,0.7145242070116862,0.7602131438721137,0.7449492915258098,0.8086186754418998,0.7366609294320137,0.7232173031429537,8.807477935413123
51,0.7483333333333333,0.7482520784779958,0.6994991652754591,0.7744916820702403,0.7482520784779957,0.8119954236728497,0.7350877192982456,0.7133129043241404,8.692340018457925
52,0.7391666666666666,0.7390728863135732,0.6828046744574291,0.7687969924812029,0.7390728863135729,0.8049675001359827,0.7232537577365165,0.698428961748634,9.008946135075798
53,0.7475,0.747386798296662,0.679465776293823,0.7857142857142857,0.7473867982966618,0.8125900310040544,0.7287376902417189,0.6983527796842827,8.721115002477239
54,0.7325,0.7324284234122873,0.6894824707846411,0.7536496350364964,0.7324284234122872,0.7990660529105689,0.7201394943330427,0.7014266304347826,9.239212640349503
55,0.7666666666666667,0.7666076850213472,0.7312186978297162,0.7863554757630161,0.7666076850213472,0.8258704201296995,0.7577854671280276,0.7416186928547239,8.059127118890988
56,0.7408333333333333,0.7407423353953762,0.6861435726210351,0.7696629213483146,0.7407423353953759,0.8062365803180082,0.7255075022065313,0.7013651877133106,8.951381507750947
57,0.7525,0.7524340345389848,0.7128547579298832,0.7735507246376812,0.7524340345389848,0.8148694079504488,0.7419635099913119,0.7242198100407056,8.548430449139373
58,0.7533333333333333,0.7532604257234048,0.7095158597662772,0.7769652650822669,0.7532604257234048,0.815740562424272,0.7417102966841187,0.7220523275569147,8.519646136483372
59,0.7433333333333333,0.7432409534470931,0.6878130217028381,0.7729831144465291,0.7432409534470928,0.8083147347413502,0.7279151943462898,0.7033117104813928,8.865033234101286
60,0.7391666666666666,0.739075664099067,0.6844741235392321,0.7677902621722846,0.7390756640990669,0.8048821928557583,0.7237422771403353,0.6996587030716724,9.008946801406989
61,0.7508333333333334,0.7507451409587249,0.6978297161936561,0.7798507462686567,0.7507451409587248,0.8142568978978231,0.7365638766519824,0.7128240109140519,8.60599041214588
62,0.7541666666666667,0.7540923724788124,0.7095158597662772,0.7783882783882784,0.7540923724788124,0.8164520690772777,0.74235807860262,0.7222977566281442,8.490863156489754
63,0.7566666666666667,0.7565854349595416,0.7078464106844741,0.7837338262476895,0.7565854349595414,0.8187067851327485,0.7438596491228071,0.7218249914879128,8.404513550177711
64,0.7425,0.742395117764216,0.679465776293823,0.7767175572519084,0.742395117764216,0.8080916667728657,0.7248441674087266,0.696917808219178,8.893812882438946
65,0.7541666666666667,0.7540840391223309,0.7045075125208681,0.7814814814814814,0.7540840391223308,0.8167444970011748,0.7410008779631255,0.7186648501362398,8.490861157496179
66,0.7591666666666667,0.7590896085822461,0.7128547579298832,0.7849264705882353,0.7590896085822461,0.8205572809257259,0.747156605424322,0.7261904761904763,8.318166609190435
67,0.7533333333333333,0.7532520923669233,0.7045075125208681,0.7800369685767098,0.7532520923669231,0.816022240548789,0.7403508771929824,0.7184201566224039,8.519644137489799
68,0.7391666666666666,0.7390478862441284,0.667779632721202,0.7782101167315175,0.7390478862441283,0.8059115413930265,0.7187780772686433,0.6872852233676976,9.008940138095072
69,0.7441666666666666,0.7440840113444759,0.6944908180300501,0.7703703703703704,0.7440840113444759,0.8086805942002102,0.7304653204565408,0.7084468664850136,8.836252919432434
70,0.745,0.7448826246739575,0.6744574290484139,0.7844660194174757,0.7448826246739574,0.8107117242329449,0.7253141831238779,0.6939196152524905,8.807461943464517
71,0.7483333333333333,0.7482215228375635,0.6811352253756261,0.7861271676300579,0.7482215228375634,0.8132145298361753,0.7298747763864043,0.6998284734133792,8.692332688814815
72,0.7358333333333333,0.7357395437209547,0.679465776293823,0.7650375939849624,0.7357395437209547,0.8022516851393928,0.7197170645446507,0.6950136612021858,9.124076722387882
73,0.7533333333333333,0.7532659812943925,0.7128547579298832,0.7749546279491834,0.7532659812943924,0.8155713596062,0.7426086956521741,0.7244655581947744,8.519647469145756
74,0.7541666666666667,0.7540840391223309,0.7045075125208681,0.7814814814814814,0.7540840391223308,0.8167444970011748,0.7410008779631255,0.7186648501362398,8.490861157496179
75,0.745,0.7448881802449451,0.67779632721202,0.7822736030828517,0.7448881802449451,0.8104516318141025,0.7262969588550984,0.6963979416809606,8.807463276126901
76,0.7575,0.7574257150714307,0.7128547579298832,0.7820512820512819,0.7574257150714306,0.8191196866572492,0.7458515283842795,0.7256968048946295,8.375732569177668
77,0.7558333333333334,0.7557229325637016,0.6894824707846411,0.7942307692307692,0.7557229325637015,0.8193566200077049,0.7381590705987489,0.708161865569273,8.433289200528218
78,0.7325,0.7323950899863609,0.669449081803005,0.7652671755725191,0.7323950899863609,0.7998581286877621,0.7141585040071238,0.6866438356164383,9.239204644375203
79,0.7391666666666666,0.7390617751715977,0.676126878130217,0.7729007633587787,0.7390617751715977,0.8053471540778312,0.7212822796081924,0.6934931506849316,9.00894346975103
80,0.7466666666666667,0.7465770738252051,0.6928213689482471,0.7757009345794392,0.7465770738252049,0.8109278184305098,0.7319223985890654,0.7079495052882975,8.749903313120393
81,0.7491666666666666,0.7490868030188973,0.7011686143572621,0.7749077490774908,0.7490868030188972,0.8126215150507099,0.7361963190184049,0.7147719537100068,8.6635577047955
82,0.7466666666666667,0.7465659626832297,0.6861435726210351,0.7798861480075902,0.7465659626832296,0.8113481936476459,0.7300177619893428,0.7030448169688676,8.749900647795624
83,0.7375,0.73740343723177,0.679465776293823,0.7679245283018868,0.73740343723177,0.803695152297855,0.7209920283436669,0.6954887218045113,9.066510762400648
84,0.74,0.7399159442109562,0.6894824707846411,0.7662337662337663,0.7399159442109561,0.8053581185092037,0.725834797891037,0.7035775127768313,8.980165820406947
85,0.7425,0.7423895621932283,0.676126878130217,0.7788461538461539,0.7423895621932283,0.8083198493215188,0.7238605898123325,0.6944444444444443,8.893811549776563
86,0.7475,0.7474062427951189,0.6911519198664441,0.7781954887218046,0.7474062427951188,0.8117570376274577,0.7320954907161804,0.7069672131147542,8.721119666795584
87,0.7333333333333333,0.7332437034547318,0.679465776293823,0.7607476635514019,0.7332437034547318,0.8001067199226125,0.7178130511463844,0.6943022859092458,9.210425662368737
88,0.7466666666666667,0.7465631848977359,0.6844741235392321,0.7809523809523811,0.7465631848977357,0.8114632522458065,0.7295373665480427,0.7018144471071551,8.749899981464434
89,0.735,0.7348825968961025,0.6644407345575961,0.7728155339805826,0.7348825968961025,0.8023781342690892,0.7145421903052066,0.683613878392305,9.152853705400776
90,0.7433333333333333,0.7432326200906114,0.6828046744574291,0.7760910815939279,0.7432326200906112,0.8086145446923452,0.7264653641207816,0.6996236743072187,8.865031235107711
91,0.7308333333333333,0.7307200853335704,0.662771285475793,0.7664092664092664,0.7307200853335704,0.7987569426091965,0.7108325872873769,0.6811942347288951,9.29676793903767
92,0.765,0.7649132358700996,0.7128547579298832,0.7951582867783985,0.7649132358700996,0.8256731890208076,0.7517605633802819,0.7279236276849643,8.116685749235113
93,0.7575,0.7573951594309984,0.6944908180300501,0.7938931297709924,0.7573951594309983,0.8204419739005212,0.7408726625111309,0.7123287671232876,8.375725239534558
94,0.7458333333333333,0.7457312381423282,0.6844741235392321,0.7794676806083649,0.7457312381423281,0.8107209020737985,0.7288888888888889,0.701574264202601,8.77868296145805
95,0.7608333333333334,0.7607396131655921,0.7045075125208681,0.7932330827067671,0.7607396131655921,0.8226202976138175,0.7462422634836428,0.7206284153005464,8.260597317547237
96,0.7508333333333334,0.7507256964602679,0.6861435726210351,0.7873563218390804,0.7507256964602679,0.8150832805633912,0.7332738626226583,0.7042494859492805,8.605985747827539
97,0.7541666666666667,0.7540673724093678,0.6944908180300501,0.7878787878787878,0.7540673724093677,0.8174348029544191,0.7382431233362909,0.7113543091655267,8.490857159509027
98,0.7391666666666666,0.73905621960061,0.672787979966611,0.775,0.7390562196006099,0.8055606566499722,0.7202859696157283,0.6910150891632373,9.008942137088647
99,0.77,0.7699160275445209,0.7195325542570952,0.7996289424860853,0.7699160275445209,0.8295807483715902,0.757469244288225,0.7342419080068144,7.943990534598174
100,0.7316666666666667,0.7315575876599657,0.666110183639399,0.7658349328214972,0.7315575876599656,0.7993058915637814,0.7124999999999999,0.6839218375042853,9.267986291706436
101,0.7391666666666666,0.7390701085280793,0.6811352253756261,0.769811320754717,0.7390701085280792,0.805056606398505,0.7227635075287866,0.6971975393028025,9.008945468744606
102,0.7508333333333334,0.7507312520312557,0.6894824707846411,0.785171102661597,0.7507312520312556,0.814826786723119,0.7342222222222222,0.7067077344284737,8.605987080489921
103,0.7491666666666666,0.7490729140914281,0.6928213689482471,0.7800751879699248,0.749072914091428,0.8131149451257527,0.7338638373121129,0.7086748633879781,8.66355437313954
104,0.74,0.7398937219270053,0.676126878130217,0.7743785850860421,0.7398937219270053,0.8060860649414631,0.7219251336898397,0.6937307297019528,8.980160489757413
105,0.7416666666666667,0.7415603932233145,0.67779632721202,0.7762906309751434,0.7415603932233145,0.8074601457602484,0.7237076648841354,0.6954436450839329,8.922595196101371
106,0.7383333333333333,0.7382381617726717,0.6811352253756261,0.7683615819209041,0.7382381617726715,0.8043317369815983,0.7221238938053098,0.6969593440382645,9.037728448738225
107,0.7425,0.7424145622626729,0.6911519198664441,0.7695167286245354,0.7424145622626728,0.807417657578823,0.7282321899736148,0.7055214723926381,8.893817546757289
108,0.7533333333333333,0.7532465367959356,0.7011686143572621,0.7821229050279329,0.7532465367959355,0.8162290930259307,0.7394366197183099,0.7159904534606204,8.519642804827413
109,0.745,0.7448965136014267,0.6828046744574291,0.7790476190476191,0.7448965136014266,0.8100928134191908,0.7277580071174379,0.7001027045532353,8.807465275120476
110,0.7325,0.7323700899169164,0.654424040066778,0.7747035573122529,0.7323700899169164,0.8008137986895154,0.7095022624434388,0.6753962784286699,9.239198647394478
111,0.7425,0.7424034511206976,0.6844741235392321,0.7735849056603774,0.7424034511206974,0.8077795145998047,0.7263064658990258,0.7006151742993848,8.893814881432519
112,0.7425,0.7423923399787221,0.67779632721202,0.7777777777777778,0.7423923399787221,0.8082037191615655,0.7243532560214095,0.6956819739547634,8.893812216107753
113,0.745,0.7449020691724144,0.6861435726210351,0.776937618147448,0.7449020691724143,0.8098739287175749,0.7287234042553191,0.7025641025641026,8.80746660778286
114,0.755,0.7549076525212571,0.6994991652754591,0.7861163227016885,0.7549076525212569,0.8178077439885738,0.7402826855123674,0.7152611812905428,8.462076178508985
115,0.7566666666666667,0.7565465459626277,0.6844741235392321,0.7992202729044834,0.7565465459626277,0.8205971982218577,0.7374100719424459,0.704709522172568,8.404504221541025
116,0.7258333333333333,0.7257256270156306,0.66110183639399,0.7586206896551724,0.7257256270156306,0.7944445963579145,0.7065120428189117,0.6785469499657301,9.469465152668182
117,0.7583333333333333,0.7582409951138753,0.7028380634390651,0.7898686679174484,0.7582409951138751,0.8205200323449233,0.7438162544169612,0.7186753158074427,8.346945591196901
118,0.7558333333333334,0.7557284881346893,0.6928213689482471,0.7919847328244275,0.7557284881346892,0.8190697175530041,0.7390917186108638,0.7106164383561644,8.433290533190602
119,0.7391666666666666,0.7390506640296223,0.669449081803005,0.7771317829457365,0.7390506640296222,0.8057904323743708,0.7192825112107623,0.6885302197802198,9.008940804426263
120,0.7491666666666666,0.7490423584509958,0.6744574290484139,0.792156862745098,0.7490423584509956,0.8145571458967561,0.7285843101893598,0.6951135581555402,8.66354704349643
121,0.7341666666666666,0.7340617612826702,0.671118530884808,0.7671755725190841,0.7340617612826702,0.8012303850352793,0.7159394479073908,0.6883561643835616,9.18163935071916
122,0.735,0.7348548190411641,0.6477462437395659,0.7838383838383839,0.7348548190411641,0.8037089804556417,0.7093235831809872,0.6710480802490487,9.152847042088858
123,0.7483333333333333,0.7482409673360204,0.6928213689482471,0.7786116322701688,0.7482409673360203,0.8123831672758746,0.7332155477031803,0.7084329122567429,8.692337353133157
124,0.7441666666666666,0.7440479001330559,0.672787979966611,0.7840466926070039,0.7440479001330559,0.810084002953474,0.7241689128481582,0.6924398625429553,8.836244257126943
125,0.7491666666666666,0.7490395806655019,0.672787979966611,0.7933070866141733,0.7490395806655018,0.8147141999570587,0.7280939476061429,0.693870523415978,8.66354637716524
126,0.7525,0.7523951455420709,0.6894824707846411,0.7881679389312977,0.7523951455420709,0.8163252048579693,0.7355298308103295,0.7071917808219178,8.548421120502686
127,0.765,0.7648965691571366,0.7028380634390651,0.8019047619047619,0.7648965691571364,0.8265380793385801,0.7491103202846976,0.7206436152002739,8.116681751247961
128,0.7491666666666666,0.7490729140914281,0.6928213689482471,0.7800751879699248,0.749072914091428,0.8131149451257527,0.7338638373121129,0.7086748633879781,8.66355437313954
129,0.7583333333333333,0.7582576618268384,0.7128547579298832,0.7834862385321101,0.7582576618268383,0.8198371648976632,0.7465034965034966,0.7259435566133969,8.346949589184051
130,0.7616666666666667,0.7615604487790244,0.6978297161936561,0.7992351816443595,0.7615604487790242,0.8239491155856744,0.7450980392156863,0.7159986296676945,8.231811672228854
131,0.7466666666666667,0.7465798516106992,0.6944908180300501,0.7746741154562383,0.7465798516106988,0.8108324667431442,0.7323943661971831,0.7091714967609957,8.749903979451584
132,0.755,0.7548993191647755,0.6944908180300501,0.7893738140417458,0.7548993191647754,0.8181823160358979,0.738898756660746,0.7115976736229901,8.462074179515412
133,0.7583333333333333,0.7582493284703569,0.7078464106844741,0.7866419294990723,0.7582493284703568,0.8201608367584399,0.7451669595782073,0.7223168654173765,8.346947590190474
134,0.7675,0.7674118539218164,0.7145242070116862,0.7985074626865671,0.7674118539218164,0.8277658348491266,0.7541850220264318,0.7298772169167804,8.030337475585451
135,0.7616666666666667,0.7615937822049506,0.7178631051752922,0.7861060329067642,0.7615937822049506,0.8224012357076949,0.75043630017452,0.7305470608222903,8.231819668203155
136,0.7641666666666667,0.7640535112597535,0.6961602671118531,0.8050193050193051,0.7640535112597535,0.8264231193989124,0.7466427931960609,0.7155113246396706,8.14546206591681
137,0.7541666666666667,0.7540784835513432,0.7011686143572621,0.7835820895522388,0.7540784835513431,0.8169586852880839,0.7400881057268722,0.7162346521145976,8.490859824833795
138,0.7675,0.7674062983508287,0.7111853088480802,0.8007518796992481,0.7674062983508287,0.8280519276069974,0.753315649867374,0.7274590163934428,8.030336142923067
139,0.7683333333333333,0.7682299117497549,0.7061769616026711,0.8057142857142857,0.7682299117497549,0.8292789569918118,0.7526690391459075,0.7240671003081136,8.001551163935876
140,0.7541666666666667,0.7540590390528863,0.6894824707846411,0.7911877394636015,0.7540590390528862,0.8178351051241213,0.7368421052631579,0.707676490747087,8.490855160515453
141,0.7625,0.7624146178183828,0.7111853088480802,0.79182156133829,0.7624146178183828,0.8235867684265183,0.7493403693931399,0.7259713701431494,8.203034022884774
142,0.7691666666666667,0.769070191861644,0.7111853088480802,0.8037735849056604,0.769070191861644,0.8295627802102037,0.7546501328609388,0.7279562542720438,7.9727701829358315
143,0.7691666666666667,0.7691035252875702,0.7312186978297162,0.7906137184115524,0.7691035252875702,0.8279995414539676,0.7597571552471813,0.7423728813559322,7.972778178910136
144,0.7591666666666667,0.7591007197242214,0.7195325542570952,0.7807971014492754,0.7591007197242214,0.8201648278531852,0.7489139878366637,0.7310040705563093,8.318169274515201
145,0.7641666666666667,0.7641007336131489,0.7245409015025042,0.7862318840579711,0.7641007336131489,0.8241363927802376,0.7541268462206777,0.7360922659430121,8.145473393547071
146,0.775,0.7749299303609176,0.7328881469115192,0.7996357012750456,0.7749299303609176,0.8329285907599491,0.7648083623693379,0.7453310696095076,7.7712979852860045
147,0.7691666666666667,0.7690840807891133,0.7195325542570952,0.7981481481481482,0.7690840807891133,0.8288403512026217,0.7568042142230027,0.7339918256130791,7.972773514591792
148,0.7666666666666667,0.7665771293809149,0.7128547579298832,0.7981308411214953,0.7665771293809149,0.8271594661923559,0.7530864197530864,0.7284203343568748,8.059119789247877
149,0.7691666666666667,0.7690924141455948,0.7245409015025042,0.7948717948717948,0.7690924141455948,0.8284563481871495,0.7580786026200873,0.7375934738273283,7.972775513585367
150,0.7633333333333333,0.7632493423592843,0.7128547579298832,0.7922077922077922,0.7632493423592843,0.8241979417355043,0.7504393673110721,0.727427597955707,8.174251709222348
151,0.77,0.7699076941880394,0.7145242070116862,0.8030018761726079,0.7699076941880394,0.830013041592147,0.7561837455830389,0.7306247866165928,7.943988535604599
152,0.7575,0.7574062705729738,0.7011686143572621,0.7894736842105263,0.7574062705729737,0.8199044826172275,0.7427055702917772,0.7172131147540983,8.375727904859327
153,0.7741666666666667,0.7740702057505715,0.7161936560934892,0.8094339622641509,0.7740702057505716,0.8336471425121534,0.7599645704162976,0.7330827067669173,7.800074301967705
154,0.7791666666666667,0.7790924419234497,0.7345575959933222,0.8058608058608059,0.7790924419234497,0.8364592009270642,0.7685589519650655,0.7477906186267844,7.62738375164911
155,0.7866666666666666,0.7865799627221186,0.7345575959933222,0.8193668528864059,0.7865799627221186,0.8432122244398641,0.7746478873239436,0.7500852369587452,7.368336931706554
156,0.785,0.7849271803532788,0.7412353923205343,0.8117001828153565,0.7849271803532789,0.8410511209012788,0.774869109947644,0.7543323139653416,7.425905557018554
157,0.7683333333333333,0.7682465784627179,0.7161936560934892,0.7988826815642458,0.7682465784627179,0.8283715021622009,0.755281690140845,0.7313331060347766,8.001555161923024
158,0.7775,0.7774035483431898,0.7195325542570952,0.8132075471698114,0.7774035483431898,0.8363700507134533,0.7635075287865368,0.7365003417634998,7.68494371465562
159,0.7816666666666666,0.7816021711171421,0.7429048414023373,0.8047016274864376,0.7816021711171421,0.8379699011110541,0.7725694444444443,0.7544930484910141,7.541038143324215
160,0.77,0.7699132497590271,0.7178631051752922,0.8007448789571695,0.7699132497590271,0.8297206587328976,0.7570422535211268,0.7330378452096831,7.943989868266982
161,0.7775,0.777417437270659,0.7278797996661102,0.8074074074074075,0.7774174372706589,0.8355602702034255,0.7655838454784899,0.7425068119891008,7.684947046311578
162,0.7758333333333334,0.7757452104033622,0.7228714524207012,0.8078358208955224,0.7757452104033623,0.8345203033247786,0.7629955947136564,0.7384038199181446,7.742511007305237
163,0.7841666666666667,0.7840952335978711,0.7412353923205343,0.8102189781021898,0.7840952335978711,0.8403105185446953,0.7741935483870966,0.7540760869565218,7.4546885370121725
164,0.7725,0.77240909002525,0.7178631051752922,0.8052434456928839,0.77240909002525,0.8319699421007547,0.7590467784642542,0.733788395904437,7.857640928286131
165,0.7741666666666667,0.7740813168925469,0.7228714524207012,0.8048327137546468,0.7740813168925469,0.8330187497543406,0.7616534740545294,0.7379004771642809,7.800076967292472
166,0.7716666666666666,0.7715882544118178,0.7245409015025042,0.7992633517495396,0.7715882544118177,0.8306521266260218,0.7600700525394044,0.7383463763184757,7.886426573604517
167,0.7775,0.777417437270659,0.7278797996661102,0.8074074074074075,0.7774174372706589,0.8355602702034255,0.7655838454784899,0.7425068119891008,7.684947046311578
168,0.7875,0.7874424651179587,0.7529215358931552,0.8082437275985663,0.7874424651179586,0.8422492984125274,0.7796024200518582,0.7633716993906567,7.339561281356046
169,0.785,0.7849271803532788,0.7412353923205343,0.8117001828153565,0.7849271803532789,0.8410511209012788,0.774869109947644,0.7543323139653416,7.425905557018557
170,0.7883333333333333,0.7882549673749094,0.7412353923205343,0.8176795580110497,0.7882549673749094,0.8440408084991254,0.7775831873905429,0.7553589656345696,7.310773637044085
171,0.7758333333333334,0.7757729882583007,0.7395659432387313,0.7967625899280576,0.7757729882583008,0.8331642665833945,0.7670995670995671,0.750338753387534,7.742517670617155
172,0.7841666666666667,0.7840952335978711,0.7412353923205343,0.8102189781021898,0.7840952335978711,0.8403105185446953,0.7741935483870966,0.7540760869565218,7.454688537012174
173,0.7875,0.7874174650485141,0.7378964941569283,0.8185185185185185,0.7874174650485142,0.84362417300439,0.7761194029850746,0.752724795640327,7.3395552843753205
174,0.7875,0.7874174650485141,0.7378964941569283,0.8185185185185185,0.7874174650485142,0.84362417300439,0.7761194029850746,0.752724795640327,7.3395552843753205
175,0.7958333333333333,0.7957674882430229,0.7562604340567612,0.8206521739130435,0.795767488243023,0.8492896373182357,0.7871416159860991,0.7683175033921302,7.051732814082255
176,0.7808333333333334,0.7807480020777835,0.7295492487479132,0.8122676579925651,0.7807480020777835,0.8384084533702392,0.7686895338610379,0.7447171097477846,7.569815792668298
177,0.7925,0.7924258122939231,0.7479131886477463,0.8205128205128205,0.7924258122939232,0.8471296712469499,0.7825327510917031,0.761386811692726,7.166861402400768
178,0.7791666666666667,0.7790896641379559,0.7328881469115192,0.8069852941176471,0.7790896641379559,0.8366033871812498,0.7681539807524058,0.7465986394557823,7.627383085317918
179,0.7933333333333333,0.7932799813332815,0.7612687813021702,0.8128342245989305,0.7932799813332815,0.8466348362838838,0.7862068965517242,0.7710517416300304,7.138083753056684
180,0.7833333333333333,0.7832660646279573,0.7429048414023373,0.8076225045372051,0.7832660646279573,0.8394303396364379,0.773913043478261,0.7550050899219545,7.483472183336983
181,0.7941666666666667,0.7940869280192445,0.7462437395659433,0.8247232472324724,0.7940869280192446,0.8488168267325411,0.7835232252410166,0.7607215793056501,7.109294776082339
182,0.7766666666666666,0.7765799349442637,0.7245409015025042,0.8081936685288641,0.7765799349442638,0.835117285015684,0.7640845070422534,0.7398568019093078,7.713728693642813
183,0.7958333333333333,0.7957758215995044,0.7612687813021702,0.8172043010752689,0.7957758215995046,0.848819874522053,0.7882454624027658,0.7718348002708191,7.0517348130758295
184,0.7833333333333333,0.7832771757699327,0.7495826377295493,0.8032200357781754,0.7832771757699327,0.8389013367538622,0.7754749568221071,0.7597292724196278,7.483474848661751
185,0.775,0.774941041502893,0.7395659432387313,0.7953321364452424,0.7749410415028931,0.8324490398419868,0.7664359861591695,0.7500846596681341,7.771300650610772
186,0.7858333333333334,0.7857507937522049,0.7362270450751253,0.8166666666666667,0.7857507937522049,0.8422801892042293,0.7743634767339773,0.7510217983651226,7.3971205780313625
187,0.79,0.7899049719582554,0.7328881469115192,0.8267419962335216,0.7899049719582554,0.846481738239187,0.7769911504424778,0.7499145883156816,7.253204345400892
188,0.79,0.7899383053841816,0.7529215358931552,0.8126126126126126,0.7899383053841816,0.8444337409195506,0.781629116117851,0.7641477465266012,7.253212341375192
189,0.7841666666666667,0.7840674557429326,0.7245409015025042,0.821969696969697,0.7840674557429326,0.8420052992361007,0.7701863354037267,0.7421340629274966,7.4546818737002525
190,0.7833333333333333,0.7832549534859822,0.7362270450751253,0.8121546961325967,0.7832549534859822,0.8400242039371943,0.7723292469352016,0.7502551888397414,7.483469518012215
191,0.795,0.7949355414876152,0.7562604340567612,0.8191681735985533,0.7949355414876154,0.8485476371609906,0.7864583333333333,0.7680569684638859,7.080515794075872
192,0.7816666666666666,0.7816021711171421,0.7429048414023373,0.8047016274864376,0.7816021711171421,0.8379699011110541,0.7725694444444443,0.7544930484910141,7.541038143324215
193,0.8108333333333333,0.8107619743388177,0.7679465776293823,0.8394160583941606,0.8107619743388177,0.8615979846784381,0.8020924149956408,0.7812499999999999,6.533643838515487
194,0.7883333333333333,0.7882883008008356,0.7612687813021702,0.8042328042328042,0.7882883008008356,0.8423341261008205,0.7821612349914236,0.7694903813702327,7.3107816330183875
195,0.7841666666666667,0.7840813446704018,0.7328881469115192,0.8159851301115242,0.7840813446704018,0.8411033051781883,0.772207563764292,0.7481254260395365,7.4546852053562125
196,0.7925,0.7924230345084292,0.7462437395659433,0.8216911764705882,0.7924230345084292,0.8473007913515991,0.7821522309711285,0.7602040816326532,7.166860736069574
197,0.8066666666666666,0.8066327962022117,0.7863105175292153,0.8191304347826087,0.8066327962022116,0.8560538094892454,0.8023850085178875,0.7926624032312352,6.677566068126682
198,0.7858333333333334,0.7857619048941803,0.7429048414023373,0.8120437956204379,0.7857619048941803,0.8416409851780543,0.7759372275501307,0.755774456521739,7.39712324335613
199,0.7958333333333333,0.7957702660285167,0.7579298831385642,0.8194945848375451,0.7957702660285169,0.8491289006547214,0.7875108412836079,0.7694915254237287,7.051733480413446
200,0.7908333333333334,0.7907480298556385,0.7395659432387313,0.8234200743494424,0.7907480298556385,0.8464930087940868,0.7792436235708005,0.7549420586230403,7.224424030732043
201,0.7908333333333334,0.7907591409976139,0.7462437395659433,0.8186813186813187,0.790759140997614,0.8457958624569643,0.7807860262008735,0.7596872875594833,7.224426696056808
202,0.7941666666666667,0.7941008169467138,0.7545909849749582,0.8188405797101449,0.7941008169467139,0.8479657823425517,0.7854039965247611,0.7666214382632293,7.109298107738298
203,0.7908333333333334,0.7907785854960708,0.7579298831385642,0.8107142857142857,0.7907785854960708,0.8447387510930916,0.7834339948231235,0.7679296346414073,7.224431360375153
204,0.7925,0.7924452567923801,0.7595993322203672,0.8125,0.7924452567923801,0.8460496661101836,0.7851596203623813,0.7696211096075778,7.166866066719109
205,0.7908333333333334,0.7907535854266262,0.7429048414023373,0.8210332103321033,0.7907535854266263,0.846135692533887,0.7800175284837861,0.7573179033356024,7.224425363394426
206,0.795,0.7949438748440968,0.7612687813021702,0.8157423971377459,0.7949438748440968,0.8480889225532915,0.7875647668393783,0.7715736040609137,7.080517793069447
207,0.7933333333333333,0.793252203478343,0.7445742904841403,0.8243992606284658,0.7932522034783431,0.848236775556303,0.7824561403508773,0.7592781750085121,7.1380770897447645
208,0.7925,0.7924313678649108,0.7512520868113522,0.8181818181818182,0.7924313678649108,0.8468002858299186,0.783289817232376,0.7637474541751527,7.166862735063149
209,0.7958333333333333,0.7957619326720352,0.7529215358931552,0.8229927007299269,0.7957619326720353,0.8496237849782078,0.7863993025283348,0.7659646739130436,7.051731481419871
210,0.8025,0.8024119511443087,0.7495826377295493,0.8376865671641791,0.8024119511443089,0.8561346024468642,0.7911894273127754,0.7656889495225103,6.8214663088085485
211,0.795,0.7949466526295906,0.7629382303839732,0.8146167557932263,0.7949466526295906,0.8479441597552664,0.7879310344827585,0.7727426445722015,7.08051845940064
212,0.7975,0.7974119372553813,0.7445742904841403,0.8320895522388059,0.7974119372553814,0.8520819213614732,0.7859030837004406,0.7605729877216917,6.994162189776678
213,0.8008333333333333,0.8007591687754688,0.7562604340567612,0.8296703296703297,0.8007591687754689,0.8537987151968788,0.7912663755458516,0.7698844323589397,6.879034934120552
214,0.7958333333333333,0.7957674882430229,0.7562604340567612,0.8206521739130435,0.795767488243023,0.8492896373182357,0.7871416159860991,0.7683175033921302,7.051732814082255
215,0.7925,0.7924119233664538,0.7395659432387313,0.8264925373134329,0.7924119233664539,0.8480292402760821,0.7806167400881057,0.7554570259208729,7.166858070744808
216,0.795,0.794921652560146,0.7479131886477463,0.8250460405156538,0.7949216525601461,0.8493962812483667,0.7845884413309981,0.7621640013610071,7.080512462419914
217,0.7991666666666667,0.799103608621135,0.7612687813021702,0.8231046931407943,0.7991036086211352,0.8517700705548157,0.7909800520381612,0.7728813559322033,6.936602893101362
218,0.8066666666666666,0.8066077961327671,0.7712854757929883,0.829443447037702,0.806607796132767,0.8574477947486785,0.7993079584775088,0.7822553335590925,6.677560071145956
219,0.8091666666666667,0.8090925252570147,0.7646076794657763,0.8388278388278388,0.8090925252570147,0.8604677591468076,0.7999999999999999,0.7783820530251531,6.591208465840339
220,0.8108333333333333,0.8107647521243115,0.7696160267111853,0.8381818181818181,0.8107647521243115,0.8613989224465017,0.8024369016536118,0.782416836388323,6.533644504846678
221,0.8025,0.8024091733588149,0.7479131886477463,0.8389513108614233,0.802409173358815,0.8563489164212514,0.7908208296557813,0.7645051194539251,6.821465642477357
222,0.81,0.8099272497979162,0.7662771285475793,0.8391224862888482,0.8099272497979162,0.8610331407515471,0.8010471204188482,0.7798165137614679,6.562426152177911
223,0.7983333333333333,0.7982688840802336,0.7595993322203672,0.8227848101265823,0.7982688840802337,0.8511920711734747,0.7899305555555556,0.7714479484571042,6.965385206763787
224,0.7983333333333333,0.7982577729382582,0.7529215358931552,0.8275229357798165,0.7982577729382583,0.8518889025031524,0.7884615384615385,0.7667460047602858,6.96538254143902
225,0.7991666666666667,0.7991008308356412,0.7595993322203672,0.8242753623188406,0.7991008308356412,0.8519373472696039,0.7906168549087751,0.7717096336499322,6.9366022267701695
226,0.8058333333333333,0.8057564048789024,0.7595993322203672,0.8363970588235294,0.8057564048789025,0.8579981955219483,0.7961504811898511,0.7738095238095236,6.706338386821232
227,0.8075,0.8074258539607054,0.7629382303839732,0.836996336996337,0.8074258539607055,0.8591339503568218,0.7982532751091703,0.7766825288919104,6.648773759496379
228,0.8008333333333333,0.8007452798479996,0.7479131886477463,0.8358208955223879,0.8007452798479996,0.8547837087517338,0.7894273127753304,0.7639836289222375,6.879031602464591
229,0.7991666666666667,0.7990897196936658,0.7529215358931552,0.8290441176470589,0.7990897196936659,0.8526494934367737,0.7891513560804899,0.7670068027210885,6.936599561445402
230,0.8041666666666667,0.8040869557970994,0.7562604340567612,0.8357933579335793,0.8040869557970995,0.8568602293285037,0.7940403155127082,0.7709326072157929,6.7639030141460825
231,0.8,0.7999022219506166,0.7412353923205343,0.8393194706994329,0.7999022219506167,0.854860764843317,0.7872340425531914,0.758974358974359,6.907811917133442
232,0.81,0.8099272497979162,0.7662771285475793,0.8391224862888482,0.8099272497979162,0.8610331407515471,0.8010471204188482,0.7798165137614679,6.562426152177911
233,0.8091666666666667,0.8091036363989901,0.7712854757929883,0.8339350180505415,0.80910363639899,0.8596935802550982,0.8013876843018214,0.7830508474576272,6.591211131165104
234,0.8025,0.8024202845007903,0.7545909849749582,0.8339483394833949,0.8024202845007904,0.8555196622291765,0.7922874671340929,0.7692307692307693,6.821468307802126
235,0.805,0.8049077914105317,0.7495826377295493,0.8424015009380863,0.8049077914105317,0.8584920693338177,0.7932862190812721,0.7664731990440423,6.735117368827697
236,0.8016666666666666,0.8015911155308765,0.7562604340567612,0.8311926605504587,0.8015911155308766,0.8545598806369433,0.791958041958042,0.7701462087725263,6.850251954126934
237,0.81,0.8099272497979162,0.7662771285475793,0.8391224862888482,0.8099272497979162,0.8610331407515471,0.8010471204188482,0.7798165137614679,6.562426152177912
238,0.8091666666666667,0.8091064141844839,0.7729549248747913,0.8327338129496403,0.8091064141844839,0.8595110355788824,0.8017316017316019,0.7842140921409214,6.591211797496295
239,0.8008333333333333,0.8007480576334934,0.7495826377295493,0.8345724907063197,0.8007480576334934,0.8545775642179345,0.7897977132805629,0.7651670074982958,6.879032268795784
240,0.8033333333333333,0.8032300089722472,0.7412353923205343,0.8457142857142858,0.8032300089722473,0.8580581723507432,0.7900355871886121,0.7600136939404313,6.792679997158973
241,0.7933333333333333,0.7932410923363676,0.7378964941569283,0.8292682926829268,0.7932410923363677,0.8489990600865942,0.7809187279151943,0.7545237282348924,7.1380744244199965
242,0.8075,0.8074369651026809,0.7696160267111853,0.8321299638989169,0.8074369651026809,0.8583729953050511,0.7996530789245447,0.7813559322033898,6.648776424821148
243,0.8083333333333333,0.8082550229306192,0.7612687813021702,0.8397790055248618,0.8082550229306192,0.8601072267468495,0.7985989492119089,0.7757740728138822,6.61999011317157
244,0.8108333333333333,0.8107536409823359,0.7629382303839732,0.8431734317343174,0.8107536409823359,0.8622224977258119,0.801051709027169,0.7777399591558884,6.53364183952191
245,0.7941666666666667,0.7940758168772691,0.7395659432387313,0.8295880149812734,0.7940758168772692,0.8495769791100023,0.7819947043248016,0.7559726962457339,7.109292110757573
246,0.7958333333333333,0.7957424881735783,0.7412353923205343,0.8314606741573034,0.7957424881735783,0.8509313665722522,0.7837599293909975,0.7576791808873721,7.051726817101529
247,0.8066666666666666,0.8065966849907917,0.7646076794657763,0.8342440801457195,0.8065966849907917,0.8581758798057479,0.7979094076655052,0.7775891341256367,6.677557405821188
248,0.8041666666666667,0.8040841780116056,0.7545909849749582,0.837037037037037,0.8040841780116056,0.8570640110059976,0.7936786654960492,0.7697547683923706,6.7639023478148905
249,0.8033333333333333,0.8032605646126795,0.7595993322203672,0.8318098720292505,0.8032605646126796,0.8557046021248089,0.7940663176265269,0.7730207271491676,6.792687326802082
250,0.8041666666666667,0.8040925113680871,0.7595993322203672,0.8333333333333334,0.8040925113680871,0.8564663327768505,0.7947598253275109,0.7732834806254248,6.763904346808466
251,0.8125,0.8124230900641392,0.7662771285475793,0.84375,0.812423090064139,0.8633468976071229,0.8031496062992126,0.7806122448979592,6.476077212197058
252,0.7975,0.7974397151103197,0.7612687813021702,0.8201438848920863,0.7974397151103197,0.8502896664304617,0.7896103896103897,0.7723577235772359,6.994168853088597
253,0.8083333333333333,0.8082355784321623,0.7495826377295493,0.8487712665406427,0.8082355784321623,0.8616769521350959,0.7960992907801417,0.7675213675213676,6.619985448853228
254,0.7983333333333333,0.7982633285092459,0.7562604340567612,0.825136612021858,0.798263328509246,0.851531856372643,0.7891986062717771,0.7691001697792869,6.965383874101403
255,0.81,0.8099439165108793,0.7762938230383973,0.8318425760286225,0.8099439165108792,0.8599015328668432,0.8031088082901554,0.7868020304568527,6.562430150165062
256,0.7925,0.7923841455115153,0.7228714524207012,0.8391472868217055,0.7923841455115153,0.85017603628787,0.7766816143497759,0.7434752747252747,7.1668514074328895
257,0.8141666666666667,0.8140869835749545,0.7662771285475793,0.8468634686346863,0.8140869835749545,0.8649036319244662,0.8045574057843997,0.7811436351259361,6.418511252209824
258,0.7941666666666667,0.7940897058047384,0.7479131886477463,0.8235294117647058,0.7940897058047384,0.8486379668728927,0.7839020122484691,0.7619047619047621,7.109295442413532
259,0.8,0.7999133330925919,0.7479131886477463,0.8342644320297952,0.7999133330925919,0.8540054770054374,0.7887323943661972,0.7637231503579953,6.907814582458212
260,0.8083333333333333,0.8082661340725947,0.7679465776293823,0.8348457350272233,0.8082661340725947,0.8593128229949695,0.8000000000000002,0.7804546996946048,6.6199927784963375
261,0.8041666666666667,0.804095289153581,0.7612687813021702,0.8321167883211679,0.8040952891535811,0.8562761181450024,0.7951176983435048,0.7744565217391305,6.763905013139657
262,0.8025,0.8024091733588149,0.7479131886477463,0.8389513108614233,0.802409173358815,0.8563489164212514,0.7908208296557813,0.7645051194539251,6.821465642477357
263,0.8,0.7999188886635796,0.7512520868113522,0.8317929759704251,0.7999188886635797,0.853605864724222,0.7894736842105263,0.7660878447395301,6.907815915120593
264,0.8025,0.8024202845007903,0.7545909849749582,0.8339483394833949,0.8024202845007904,0.8555196622291765,0.7922874671340929,0.7692307692307693,6.8214683078021245
265,0.7958333333333333,0.7957535993155537,0.7479131886477463,0.8265682656826568,0.7957535993155538,0.8501573938318682,0.7852760736196319,0.7624234172906739,7.051729482426296
266,0.8058333333333333,0.8057480715224209,0.7545909849749582,0.8401486988847584,0.8057480715224209,0.8586198419298583,0.7950747581354441,0.7702794819359237,6.706336387827655
267,0.8025,0.8024202845007903,0.7545909849749582,0.8339483394833949,0.8024202845007904,0.8555196622291765,0.7922874671340929,0.7692307692307693,6.8214683078021245
268,0.8041666666666667,0.8040675112986425,0.7445742904841403,0.8446969696969697,0.8040675112986426,0.8583856300905551,0.7914818101153503,0.7626538987688101,6.7638983498277385
269,0.7941666666666667,0.7940647057352936,0.7328881469115192,0.8346007604562737,0.7940647057352938,0.8504111203505632,0.7804444444444444,0.7511978097193702,7.109289445432805
270,0.8083333333333333,0.8082522451451254,0.7595993322203672,0.8410351201478743,0.8082522451451255,0.8603172261841208,0.7982456140350879,0.7745999319033027,6.619989446840378
271,0.8041666666666667,0.8040730668696302,0.7479131886477463,0.8421052631578947,0.8040730668696302,0.8579258925694871,0.7922192749778957,0.7650273224043717,6.7638996824901225
272,0.7933333333333333,0.7932577590493307,0.7479131886477463,0.8220183486238533,0.7932577590493307,0.8478824353024664,0.7832167832167832,0.7616456987419246,7.138078422407148
273,0.8016666666666666,0.8015938933163703,0.7579298831385642,0.829981718464351,0.8015938933163704,0.8543724674681243,0.7923211169284469,0.7713217804960926,6.850252620458126
274,0.8025,0.8024091733588149,0.7479131886477463,0.8389513108614233,0.802409173358815,0.8563489164212514,0.7908208296557813,0.7645051194539251,6.821465642477357
275,0.8016666666666666,0.8015938933163703,0.7579298831385642,0.829981718464351,0.8015938933163704,0.8543724674681243,0.7923211169284469,0.7713217804960926,6.850252620458126
276,0.8091666666666667,0.8091091919699778,0.7746243739565943,0.8315412186379928,0.8091091919699777,0.8593327962972935,0.8020743301642179,0.7853757616790793,6.591212463827487
277,0.8041666666666667,0.8040702890841364,0.7462437395659433,0.8433962264150944,0.8040702890841364,0.8581533163238522,0.79185119574845,0.7638414217361587,6.7638990161589305
278,0.8025,0.8024119511443087,0.7495826377295493,0.8376865671641791,0.8024119511443089,0.8561346024468642,0.7911894273127754,0.7656889495225103,6.8214663088085485
279,0.8016666666666666,0.8015800043889011,0.7495826377295493,0.8361266294227188,0.8015800043889011,0.8553546335761341,0.7904929577464789,0.7654278895329013,6.850249288802169
280,0.81,0.8099133608704469,0.7579298831385642,0.845437616387337,0.809913360870447,0.8621004164296173,0.7992957746478874,0.7739515854074325,6.562422820521952
281,0.0,0.0,0.0,0.0,0.0,0.0,0.0,0.0,0.0
282,0.0,0.0,0.0,0.0,0.0,0.0,0.0,0.0,0.0
283,0.0,0.0,0.0,0.0,0.0,0.0,0.0,0.0,0.0
284,0.0,0.0,0.0,0.0,0.0,0.0,0.0,0.0,0.0
285,0.0,0.0,0.0,0.0,0.0,0.0,0.0,0.0,0.0
286,0.0,0.0,0.0,0.0,0.0,0.0,0.0,0.0,0.0
287,0.0,0.0,0.0,0.0,0.0,0.0,0.0,0.0,0.0
288,0.0,0.0,0.0,0.0,0.0,0.0,0.0,0.0,0.0
289,0.0,0.0,0.0,0.0,0.0,0.0,0.0,0.0,0.0
290,0.0,0.0,0.0,0.0,0.0,0.0,0.0,0.0,0.0
291,0.0,0.0,0.0,0.0,0.0,0.0,0.0,0.0,0.0
292,0.0,0.0,0.0,0.0,0.0,0.0,0.0,0.0,0.0
293,0.0,0.0,0.0,0.0,0.0,0.0,0.0,0.0,0.0
294,0.0,0.0,0.0,0.0,0.0,0.0,0.0,0.0,0.0
295,0.0,0.0,0.0,0.0,0.0,0.0,0.0,0.0,0.0
296,0.0,0.0,0.0,0.0,0.0,0.0,0.0,0.0,0.0
297,0.0,0.0,0.0,0.0,0.0,0.0,0.0,0.0,0.0
298,0.0,0.0,0.0,0.0,0.0,0.0,0.0,0.0,0.0
299,0.0,0.0,0.0,0.0,0.0,0.0,0.0,0.0,0.0
300,0.0,0.0,0.0,0.0,0.0,0.0,0.0,0.0,0.0
301,0.0,0.0,0.0,0.0,0.0,0.0,0.0,0.0,0.0
302,0.0,0.0,0.0,0.0,0.0,0.0,0.0,0.0,0.0
303,0.0,0.0,0.0,0.0,0.0,0.0,0.0,0.0,0.0
304,0.0,0.0,0.0,0.0,0.0,0.0,0.0,0.0,0.0
305,0.0,0.0,0.0,0.0,0.0,0.0,0.0,0.0,0.0
306,0.0,0.0,0.0,0.0,0.0,0.0,0.0,0.0,0.0
307,0.0,0.0,0.0,0.0,0.0,0.0,0.0,0.0,0.0
308,0.0,0.0,0.0,0.0,0.0,0.0,0.0,0.0,0.0
309,0.0,0.0,0.0,0.0,0.0,0.0,0.0,0.0,0.0
310,0.0,0.0,0.0,0.0,0.0,0.0,0.0,0.0,0.0
311,0.0,0.0,0.0,0.0,0.0,0.0,0.0,0.0,0.0
312,0.0,0.0,0.0,0.0,0.0,0.0,0.0,0.0,0.0
313,0.0,0.0,0.0,0.0,0.0,0.0,0.0,0.0,0.0
314,0.0,0.0,0.0,0.0,0.0,0.0,0.0,0.0,0.0
315,0.0,0.0,0.0,0.0,0.0,0.0,0.0,0.0,0.0
316,0.0,0.0,0.0,0.0,0.0,0.0,0.0,0.0,0.0
317,0.0,0.0,0.0,0.0,0.0,0.0,0.0,0.0,0.0
318,0.0,0.0,0.0,0.0,0.0,0.0,0.0,0.0,0.0
319,0.0,0.0,0.0,0.0,0.0,0.0,0.0,0.0,0.0
320,0.0,0.0,0.0,0.0,0.0,0.0,0.0,0.0,0.0
321,0.0,0.0,0.0,0.0,0.0,0.0,0.0,0.0,0.0
322,0.0,0.0,0.0,0.0,0.0,0.0,0.0,0.0,0.0
323,0.0,0.0,0.0,0.0,0.0,0.0,0.0,0.0,0.0
324,0.0,0.0,0.0,0.0,0.0,0.0,0.0,0.0,0.0
325,0.0,0.0,0.0,0.0,0.0,0.0,0.0,0.0,0.0
326,0.0,0.0,0.0,0.0,0.0,0.0,0.0,0.0,0.0
327,0.0,0.0,0.0,0.0,0.0,0.0,0.0,0.0,0.0
328,0.0,0.0,0.0,0.0,0.0,0.0,0.0,0.0,0.0
329,0.0,0.0,0.0,0.0,0.0,0.0,0.0,0.0,0.0
330,0.0,0.0,0.0,0.0,0.0,0.0,0.0,0.0,0.0
331,0.0,0.0,0.0,0.0,0.0,0.0,0.0,0.0,0.0
332,0.0,0.0,0.0,0.0,0.0,0.0,0.0,0.0,0.0
333,0.0,0.0,0.0,0.0,0.0,0.0,0.0,0.0,0.0
334,0.0,0.0,0.0,0.0,0.0,0.0,0.0,0.0,0.0
335,0.0,0.0,0.0,0.0,0.0,0.0,0.0,0.0,0.0
336,0.0,0.0,0.0,0.0,0.0,0.0,0.0,0.0,0.0
337,0.0,0.0,0.0,0.0,0.0,0.0,0.0,0.0,0.0
338,0.0,0.0,0.0,0.0,0.0,0.0,0.0,0.0,0.0
339,0.0,0.0,0.0,0.0,0.0,0.0,0.0,0.0,0.0
340,0.0,0.0,0.0,0.0,0.0,0.0,0.0,0.0,0.0
341,0.0,0.0,0.0,0.0,0.0,0.0,0.0,0.0,0.0
342,0.0,0.0,0.0,0.0,0.0,0.0,0.0,0.0,0.0
343,0.0,0.0,0.0,0.0,0.0,0.0,0.0,0.0,0.0
344,0.0,0.0,0.0,0.0,0.0,0.0,0.0,0.0,0.0
345,0.0,0.0,0.0,0.0,0.0,0.0,0.0,0.0,0.0
346,0.0,0.0,0.0,0.0,0.0,0.0,0.0,0.0,0.0
347,0.0,0.0,0.0,0.0,0.0,0.0,0.0,0.0,0.0
348,0.0,0.0,0.0,0.0,0.0,0.0,0.0,0.0,0.0
349,0.0,0.0,0.0,0.0,0.0,0.0,0.0,0.0,0.0
350,0.0,0.0,0.0,0.0,0.0,0.0,0.0,0.0,0.0
351,0.0,0.0,0.0,0.0,0.0,0.0,0.0,0.0,0.0
352,0.0,0.0,0.0,0.0,0.0,0.0,0.0,0.0,0.0
353,0.0,0.0,0.0,0.0,0.0,0.0,0.0,0.0,0.0
354,0.0,0.0,0.0,0.0,0.0,0.0,0.0,0.0,0.0
355,0.0,0.0,0.0,0.0,0.0,0.0,0.0,0.0,0.0
356,0.0,0.0,0.0,0.0,0.0,0.0,0.0,0.0,0.0
357,0.0,0.0,0.0,0.0,0.0,0.0,0.0,0.0,0.0
358,0.0,0.0,0.0,0.0,0.0,0.0,0.0,0.0,0.0
359,0.0,0.0,0.0,0.0,0.0,0.0,0.0,0.0,0.0
360,0.0,0.0,0.0,0.0,0.0,0.0,0.0,0.0,0.0
361,0.0,0.0,0.0,0.0,0.0,0.0,0.0,0.0,0.0
362,0.0,0.0,0.0,0.0,0.0,0.0,0.0,0.0,0.0
363,0.0,0.0,0.0,0.0,0.0,0.0,0.0,0.0,0.0
364,0.0,0.0,0.0,0.0,0.0,0.0,0.0,0.0,0.0
365,0.0,0.0,0.0,0.0,0.0,0.0,0.0,0.0,0.0
366,0.0,0.0,0.0,0.0,0.0,0.0,0.0,0.0,0.0
367,0.0,0.0,0.0,0.0,0.0,0.0,0.0,0.0,0.0
368,0.0,0.0,0.0,0.0,0.0,0.0,0.0,0.0,0.0
369,0.0,0.0,0.0,0.0,0.0,0.0,0.0,0.0,0.0
370,0.0,0.0,0.0,0.0,0.0,0.0,0.0,0.0,0.0
371,0.0,0.0,0.0,0.0,0.0,0.0,0.0,0.0,0.0
372,0.0,0.0,0.0,0.0,0.0,0.0,0.0,0.0,0.0
373,0.0,0.0,0.0,0.0,0.0,0.0,0.0,0.0,0.0
374,0.0,0.0,0.0,0.0,0.0,0.0,0.0,0.0,0.0
375,0.0,0.0,0.0,0.0,0.0,0.0,0.0,0.0,0.0
376,0.0,0.0,0.0,0.0,0.0,0.0,0.0,0.0,0.0
377,0.0,0.0,0.0,0.0,0.0,0.0,0.0,0.0,0.0
378,0.0,0.0,0.0,0.0,0.0,0.0,0.0,0.0,0.0
379,0.0,0.0,0.0,0.0,0.0,0.0,0.0,0.0,0.0
380,0.0,0.0,0.0,0.0,0.0,0.0,0.0,0.0,0.0
381,0.0,0.0,0.0,0.0,0.0,0.0,0.0,0.0,0.0
382,0.0,0.0,0.0,0.0,0.0,0.0,0.0,0.0,0.0
383,0.0,0.0,0.0,0.0,0.0,0.0,0.0,0.0,0.0
384,0.0,0.0,0.0,0.0,0.0,0.0,0.0,0.0,0.0
385,0.0,0.0,0.0,0.0,0.0,0.0,0.0,0.0,0.0
386,0.0,0.0,0.0,0.0,0.0,0.0,0.0,0.0,0.0
387,0.0,0.0,0.0,0.0,0.0,0.0,0.0,0.0,0.0
388,0.0,0.0,0.0,0.0,0.0,0.0,0.0,0.0,0.0
389,0.0,0.0,0.0,0.0,0.0,0.0,0.0,0.0,0.0
390,0.0,0.0,0.0,0.0,0.0,0.0,0.0,0.0,0.0
391,0.0,0.0,0.0,0.0,0.0,0.0,0.0,0.0,0.0
392,0.0,0.0,0.0,0.0,0.0,0.0,0.0,0.0,0.0
393,0.0,0.0,0.0,0.0,0.0,0.0,0.0,0.0,0.0
394,0.0,0.0,0.0,0.0,0.0,0.0,0.0,0.0,0.0
395,0.0,0.0,0.0,0.0,0.0,0.0,0.0,0.0,0.0
396,0.0,0.0,0.0,0.0,0.0,0.0,0.0,0.0,0.0
397,0.0,0.0,0.0,0.0,0.0,0.0,0.0,0.0,0.0
398,0.0,0.0,0.0,0.0,0.0,0.0,0.0,0.0,0.0
399,0.0,0.0,0.0,0.0,0.0,0.0,0.0,0.0,0.0
400,0.0,0.0,0.0,0.0,0.0,0.0,0.0,0.0,0.0
401,0.0,0.0,0.0,0.0,0.0,0.0,0.0,0.0,0.0
402,0.0,0.0,0.0,0.0,0.0,0.0,0.0,0.0,0.0
403,0.0,0.0,0.0,0.0,0.0,0.0,0.0,0.0,0.0
404,0.0,0.0,0.0,0.0,0.0,0.0,0.0,0.0,0.0
405,0.0,0.0,0.0,0.0,0.0,0.0,0.0,0.0,0.0
406,0.0,0.0,0.0,0.0,0.0,0.0,0.0,0.0,0.0
407,0.0,0.0,0.0,0.0,0.0,0.0,0.0,0.0,0.0
408,0.0,0.0,0.0,0.0,0.0,0.0,0.0,0.0,0.0
409,0.0,0.0,0.0,0.0,0.0,0.0,0.0,0.0,0.0
410,0.0,0.0,0.0,0.0,0.0,0.0,0.0,0.0,0.0
411,0.0,0.0,0.0,0.0,0.0,0.0,0.0,0.0,0.0
412,0.0,0.0,0.0,0.0,0.0,0.0,0.0,0.0,0.0
413,0.0,0.0,0.0,0.0,0.0,0.0,0.0,0.0,0.0
414,0.0,0.0,0.0,0.0,0.0,0.0,0.0,0.0,0.0
415,0.0,0.0,0.0,0.0,0.0,0.0,0.0,0.0,0.0
416,0.0,0.0,0.0,0.0,0.0,0.0,0.0,0.0,0.0
417,0.0,0.0,0.0,0.0,0.0,0.0,0.0,0.0,0.0
418,0.0,0.0,0.0,0.0,0.0,0.0,0.0,0.0,0.0
419,0.0,0.0,0.0,0.0,0.0,0.0,0.0,0.0,0.0
420,0.0,0.0,0.0,0.0,0.0,0.0,0.0,0.0,0.0
421,0.0,0.0,0.0,0.0,0.0,0.0,0.0,0.0,0.0
422,0.0,0.0,0.0,0.0,0.0,0.0,0.0,0.0,0.0
423,0.0,0.0,0.0,0.0,0.0,0.0,0.0,0.0,0.0
424,0.0,0.0,0.0,0.0,0.0,0.0,0.0,0.0,0.0
425,0.0,0.0,0.0,0.0,0.0,0.0,0.0,0.0,0.0
426,0.0,0.0,0.0,0.0,0.0,0.0,0.0,0.0,0.0
427,0.0,0.0,0.0,0.0,0.0,0.0,0.0,0.0,0.0
428,0.0,0.0,0.0,0.0,0.0,0.0,0.0,0.0,0.0
429,0.0,0.0,0.0,0.0,0.0,0.0,0.0,0.0,0.0
430,0.0,0.0,0.0,0.0,0.0,0.0,0.0,0.0,0.0
431,0.0,0.0,0.0,0.0,0.0,0.0,0.0,0.0,0.0
432,0.0,0.0,0.0,0.0,0.0,0.0,0.0,0.0,0.0
433,0.0,0.0,0.0,0.0,0.0,0.0,0.0,0.0,0.0
434,0.0,0.0,0.0,0.0,0.0,0.0,0.0,0.0,0.0
435,0.0,0.0,0.0,0.0,0.0,0.0,0.0,0.0,0.0
436,0.0,0.0,0.0,0.0,0.0,0.0,0.0,0.0,0.0
437,0.0,0.0,0.0,0.0,0.0,0.0,0.0,0.0,0.0
438,0.0,0.0,0.0,0.0,0.0,0.0,0.0,0.0,0.0
439,0.0,0.0,0.0,0.0,0.0,0.0,0.0,0.0,0.0
440,0.0,0.0,0.0,0.0,0.0,0.0,0.0,0.0,0.0
441,0.0,0.0,0.0,0.0,0.0,0.0,0.0,0.0,0.0
442,0.0,0.0,0.0,0.0,0.0,0.0,0.0,0.0,0.0
443,0.0,0.0,0.0,0.0,0.0,0.0,0.0,0.0,0.0
444,0.0,0.0,0.0,0.0,0.0,0.0,0.0,0.0,0.0
445,0.0,0.0,0.0,0.0,0.0,0.0,0.0,0.0,0.0
446,0.0,0.0,0.0,0.0,0.0,0.0,0.0,0.0,0.0
447,0.0,0.0,0.0,0.0,0.0,0.0,0.0,0.0,0.0
448,0.0,0.0,0.0,0.0,0.0,0.0,0.0,0.0,0.0
449,0.0,0.0,0.0,0.0,0.0,0.0,0.0,0.0,0.0
450,0.0,0.0,0.0,0.0,0.0,0.0,0.0,0.0,0.0
451,0.0,0.0,0.0,0.0,0.0,0.0,0.0,0.0,0.0
452,0.0,0.0,0.0,0.0,0.0,0.0,0.0,0.0,0.0
453,0.0,0.0,0.0,0.0,0.0,0.0,0.0,0.0,0.0
454,0.0,0.0,0.0,0.0,0.0,0.0,0.0,0.0,0.0
455,0.0,0.0,0.0,0.0,0.0,0.0,0.0,0.0,0.0
456,0.0,0.0,0.0,0.0,0.0,0.0,0.0,0.0,0.0
457,0.0,0.0,0.0,0.0,0.0,0.0,0.0,0.0,0.0
458,0.0,0.0,0.0,0.0,0.0,0.0,0.0,0.0,0.0
459,0.0,0.0,0.0,0.0,0.0,0.0,0.0,0.0,0.0
460,0.0,0.0,0.0,0.0,0.0,0.0,0.0,0.0,0.0
461,0.0,0.0,0.0,0.0,0.0,0.0,0.0,0.0,0.0
462,0.0,0.0,0.0,0.0,0.0,0.0,0.0,0.0,0.0
463,0.0,0.0,0.0,0.0,0.0,0.0,0.0,0.0,0.0
464,0.0,0.0,0.0,0.0,0.0,0.0,0.0,0.0,0.0
465,0.0,0.0,0.0,0.0,0.0,0.0,0.0,0.0,0.0
466,0.0,0.0,0.0,0.0,0.0,0.0,0.0,0.0,0.0
467,0.0,0.0,0.0,0.0,0.0,0.0,0.0,0.0,0.0
468,0.0,0.0,0.0,0.0,0.0,0.0,0.0,0.0,0.0
469,0.0,0.0,0.0,0.0,0.0,0.0,0.0,0.0,0.0
470,0.0,0.0,0.0,0.0,0.0,0.0,0.0,0.0,0.0
471,0.0,0.0,0.0,0.0,0.0,0.0,0.0,0.0,0.0
472,0.0,0.0,0.0,0.0,0.0,0.0,0.0,0.0,0.0
473,0.0,0.0,0.0,0.0,0.0,0.0,0.0,0.0,0.0
474,0.0,0.0,0.0,0.0,0.0,0.0,0.0,0.0,0.0
475,0.0,0.0,0.0,0.0,0.0,0.0,0.0,0.0,0.0
476,0.0,0.0,0.0,0.0,0.0,0.0,0.0,0.0,0.0
477,0.0,0.0,0.0,0.0,0.0,0.0,0.0,0.0,0.0
478,0.0,0.0,0.0,0.0,0.0,0.0,0.0,0.0,0.0
479,0.0,0.0,0.0,0.0,0.0,0.0,0.0,0.0,0.0
480,0.0,0.0,0.0,0.0,0.0,0.0,0.0,0.0,0.0
481,0.0,0.0,0.0,0.0,0.0,0.0,0.0,0.0,0.0
482,0.0,0.0,0.0,0.0,0.0,0.0,0.0,0.0,0.0
483,0.0,0.0,0.0,0.0,0.0,0.0,0.0,0.0,0.0
484,0.0,0.0,0.0,0.0,0.0,0.0,0.0,0.0,0.0
485,0.0,0.0,0.0,0.0,0.0,0.0,0.0,0.0,0.0
486,0.0,0.0,0.0,0.0,0.0,0.0,0.0,0.0,0.0
487,0.0,0.0,0.0,0.0,0.0,0.0,0.0,0.0,0.0
488,0.0,0.0,0.0,0.0,0.0,0.0,0.0,0.0,0.0
489,0.0,0.0,0.0,0.0,0.0,0.0,0.0,0.0,0.0
490,0.0,0.0,0.0,0.0,0.0,0.0,0.0,0.0,0.0
491,0.0,0.0,0.0,0.0,0.0,0.0,0.0,0.0,0.0
492,0.0,0.0,0.0,0.0,0.0,0.0,0.0,0.0,0.0
493,0.0,0.0,0.0,0.0,0.0,0.0,0.0,0.0,0.0
494,0.0,0.0,0.0,0.0,0.0,0.0,0.0,0.0,0.0
495,0.0,0.0,0.0,0.0,0.0,0.0,0.0,0.0,0.0
496,0.0,0.0,0.0,0.0,0.0,0.0,0.0,0.0,0.0
497,0.0,0.0,0.0,0.0,0.0,0.0,0.0,0.0,0.0
498,0.0,0.0,0.0,0.0,0.0,0.0,0.0,0.0,0.0
499,0.0,0.0,0.0,0.0,0.0,0.0,0.0,0.0,0.0
500,0.0,0.0,0.0,0.0,0.0,0.0,0.0,0.0,0.0
501,0.0,0.0,0.0,0.0,0.0,0.0,0.0,0.0,0.0
502,0.0,0.0,0.0,0.0,0.0,0.0,0.0,0.0,0.0
503,0.0,0.0,0.0,0.0,0.0,0.0,0.0,0.0,0.0
504,0.0,0.0,0.0,0.0,0.0,0.0,0.0,0.0,0.0
505,0.0,0.0,0.0,0.0,0.0,0.0,0.0,0.0,0.0
506,0.0,0.0,0.0,0.0,0.0,0.0,0.0,0.0,0.0
507,0.0,0.0,0.0,0.0,0.0,0.0,0.0,0.0,0.0
508,0.0,0.0,0.0,0.0,0.0,0.0,0.0,0.0,0.0
509,0.0,0.0,0.0,0.0,0.0,0.0,0.0,0.0,0.0
510,0.0,0.0,0.0,0.0,0.0,0.0,0.0,0.0,0.0
511,0.0,0.0,0.0,0.0,0.0,0.0,0.0,0.0,0.0
512,0.0,0.0,0.0,0.0,0.0,0.0,0.0,0.0,0.0
513,0.0,0.0,0.0,0.0,0.0,0.0,0.0,0.0,0.0
514,0.0,0.0,0.0,0.0,0.0,0.0,0.0,0.0,0.0
515,0.0,0.0,0.0,0.0,0.0,0.0,0.0,0.0,0.0
516,0.0,0.0,0.0,0.0,0.0,0.0,0.0,0.0,0.0
517,0.0,0.0,0.0,0.0,0.0,0.0,0.0,0.0,0.0
518,0.0,0.0,0.0,0.0,0.0,0.0,0.0,0.0,0.0
519,0.0,0.0,0.0,0.0,0.0,0.0,0.0,0.0,0.0
520,0.0,0.0,0.0,0.0,0.0,0.0,0.0,0.0,0.0
521,0.0,0.0,0.0,0.0,0.0,0.0,0.0,0.0,0.0
522,0.0,0.0,0.0,0.0,0.0,0.0,0.0,0.0,0.0
523,0.0,0.0,0.0,0.0,0.0,0.0,0.0,0.0,0.0
524,0.0,0.0,0.0,0.0,0.0,0.0,0.0,0.0,0.0
525,0.0,0.0,0.0,0.0,0.0,0.0,0.0,0.0,0.0
526,0.0,0.0,0.0,0.0,0.0,0.0,0.0,0.0,0.0
527,0.0,0.0,0.0,0.0,0.0,0.0,0.0,0.0,0.0
528,0.0,0.0,0.0,0.0,0.0,0.0,0.0,0.0,0.0
529,0.0,0.0,0.0,0.0,0.0,0.0,0.0,0.0,0.0
530,0.0,0.0,0.0,0.0,0.0,0.0,0.0,0.0,0.0
531,0.0,0.0,0.0,0.0,0.0,0.0,0.0,0.0,0.0
532,0.0,0.0,0.0,0.0,0.0,0.0,0.0,0.0,0.0
533,0.0,0.0,0.0,0.0,0.0,0.0,0.0,0.0,0.0
534,0.0,0.0,0.0,0.0,0.0,0.0,0.0,0.0,0.0
535,0.0,0.0,0.0,0.0,0.0,0.0,0.0,0.0,0.0
536,0.0,0.0,0.0,0.0,0.0,0.0,0.0,0.0,0.0
537,0.0,0.0,0.0,0.0,0.0,0.0,0.0,0.0,0.0
538,0.0,0.0,0.0,0.0,0.0,0.0,0.0,0.0,0.0
539,0.0,0.0,0.0,0.0,0.0,0.0,0.0,0.0,0.0
540,0.0,0.0,0.0,0.0,0.0,0.0,0.0,0.0,0.0
541,0.0,0.0,0.0,0.0,0.0,0.0,0.0,0.0,0.0
542,0.0,0.0,0.0,0.0,0.0,0.0,0.0,0.0,0.0
543,0.0,0.0,0.0,0.0,0.0,0.0,0.0,0.0,0.0
544,0.0,0.0,0.0,0.0,0.0,0.0,0.0,0.0,0.0
545,0.0,0.0,0.0,0.0,0.0,0.0,0.0,0.0,0.0
546,0.0,0.0,0.0,0.0,0.0,0.0,0.0,0.0,0.0
547,0.0,0.0,0.0,0.0,0.0,0.0,0.0,0.0,0.0
548,0.0,0.0,0.0,0.0,0.0,0.0,0.0,0.0,0.0
549,0.0,0.0,0.0,0.0,0.0,0.0,0.0,0.0,0.0
550,0.0,0.0,0.0,0.0,0.0,0.0,0.0,0.0,0.0
551,0.0,0.0,0.0,0.0,0.0,0.0,0.0,0.0,0.0
552,0.0,0.0,0.0,0.0,0.0,0.0,0.0,0.0,0.0
553,0.0,0.0,0.0,0.0,0.0,0.0,0.0,0.0,0.0
554,0.0,0.0,0.0,0.0,0.0,0.0,0.0,0.0,0.0
555,0.0,0.0,0.0,0.0,0.0,0.0,0.0,0.0,0.0
556,0.0,0.0,0.0,0.0,0.0,0.0,0.0,0.0,0.0
557,0.0,0.0,0.0,0.0,0.0,0.0,0.0,0.0,0.0
558,0.0,0.0,0.0,0.0,0.0,0.0,0.0,0.0,0.0
559,0.0,0.0,0.0,0.0,0.0,0.0,0.0,0.0,0.0
560,0.0,0.0,0.0,0.0,0.0,0.0,0.0,0.0,0.0
561,0.0,0.0,0.0,0.0,0.0,0.0,0.0,0.0,0.0
562,0.0,0.0,0.0,0.0,0.0,0.0,0.0,0.0,0.0
563,0.0,0.0,0.0,0.0,0.0,0.0,0.0,0.0,0.0
564,0.0,0.0,0.0,0.0,0.0,0.0,0.0,0.0,0.0
565,0.0,0.0,0.0,0.0,0.0,0.0,0.0,0.0,0.0
566,0.0,0.0,0.0,0.0,0.0,0.0,0.0,0.0,0.0
567,0.0,0.0,0.0,0.0,0.0,0.0,0.0,0.0,0.0
568,0.0,0.0,0.0,0.0,0.0,0.0,0.0,0.0,0.0
569,0.0,0.0,0.0,0.0,0.0,0.0,0.0,0.0,0.0
570,0.0,0.0,0.0,0.0,0.0,0.0,0.0,0.0,0.0
571,0.0,0.0,0.0,0.0,0.0,0.0,0.0,0.0,0.0
572,0.0,0.0,0.0,0.0,0.0,0.0,0.0,0.0,0.0
573,0.0,0.0,0.0,0.0,0.0,0.0,0.0,0.0,0.0
574,0.0,0.0,0.0,0.0,0.0,0.0,0.0,0.0,0.0
575,0.0,0.0,0.0,0.0,0.0,0.0,0.0,0.0,0.0
576,0.0,0.0,0.0,0.0,0.0,0.0,0.0,0.0,0.0
577,0.0,0.0,0.0,0.0,0.0,0.0,0.0,0.0,0.0
578,0.0,0.0,0.0,0.0,0.0,0.0,0.0,0.0,0.0
579,0.0,0.0,0.0,0.0,0.0,0.0,0.0,0.0,0.0
580,0.0,0.0,0.0,0.0,0.0,0.0,0.0,0.0,0.0
581,0.0,0.0,0.0,0.0,0.0,0.0,0.0,0.0,0.0
582,0.0,0.0,0.0,0.0,0.0,0.0,0.0,0.0,0.0
583,0.0,0.0,0.0,0.0,0.0,0.0,0.0,0.0,0.0
584,0.0,0.0,0.0,0.0,0.0,0.0,0.0,0.0,0.0
585,0.0,0.0,0.0,0.0,0.0,0.0,0.0,0.0,0.0
586,0.0,0.0,0.0,0.0,0.0,0.0,0.0,0.0,0.0
587,0.0,0.0,0.0,0.0,0.0,0.0,0.0,0.0,0.0
588,0.0,0.0,0.0,0.0,0.0,0.0,0.0,0.0,0.0
589,0.0,0.0,0.0,0.0,0.0,0.0,0.0,0.0,0.0
590,0.0,0.0,0.0,0.0,0.0,0.0,0.0,0.0,0.0
591,0.0,0.0,0.0,0.0,0.0,0.0,0.0,0.0,0.0
592,0.0,0.0,0.0,0.0,0.0,0.0,0.0,0.0,0.0
593,0.0,0.0,0.0,0.0,0.0,0.0,0.0,0.0,0.0
594,0.0,0.0,0.0,0.0,0.0,0.0,0.0,0.0,0.0
595,0.0,0.0,0.0,0.0,0.0,0.0,0.0,0.0,0.0
596,0.0,0.0,0.0,0.0,0.0,0.0,0.0,0.0,0.0
597,0.0,0.0,0.0,0.0,0.0,0.0,0.0,0.0,0.0
598,0.0,0.0,0.0,0.0,0.0,0.0,0.0,0.0,0.0
599,0.0,0.0,0.0,0.0,0.0,0.0,0.0,0.0,0.0
600,0.0,0.0,0.0,0.0,0.0,0.0,0.0,0.0,0.0
601,0.0,0.0,0.0,0.0,0.0,0.0,0.0,0.0,0.0
602,0.0,0.0,0.0,0.0,0.0,0.0,0.0,0.0,0.0
603,0.0,0.0,0.0,0.0,0.0,0.0,0.0,0.0,0.0
604,0.0,0.0,0.0,0.0,0.0,0.0,0.0,0.0,0.0
605,0.0,0.0,0.0,0.0,0.0,0.0,0.0,0.0,0.0
606,0.0,0.0,0.0,0.0,0.0,0.0,0.0,0.0,0.0
607,0.0,0.0,0.0,0.0,0.0,0.0,0.0,0.0,0.0
608,0.0,0.0,0.0,0.0,0.0,0.0,0.0,0.0,0.0
609,0.0,0.0,0.0,0.0,0.0,0.0,0.0,0.0,0.0
610,0.0,0.0,0.0,0.0,0.0,0.0,0.0,0.0,0.0
611,0.0,0.0,0.0,0.0,0.0,0.0,0.0,0.0,0.0
612,0.0,0.0,0.0,0.0,0.0,0.0,0.0,0.0,0.0
613,0.0,0.0,0.0,0.0,0.0,0.0,0.0,0.0,0.0
614,0.0,0.0,0.0,0.0,0.0,0.0,0.0,0.0,0.0
615,0.0,0.0,0.0,0.0,0.0,0.0,0.0,0.0,0.0
616,0.0,0.0,0.0,0.0,0.0,0.0,0.0,0.0,0.0
617,0.0,0.0,0.0,0.0,0.0,0.0,0.0,0.0,0.0
618,0.0,0.0,0.0,0.0,0.0,0.0,0.0,0.0,0.0
619,0.0,0.0,0.0,0.0,0.0,0.0,0.0,0.0,0.0
620,0.0,0.0,0.0,0.0,0.0,0.0,0.0,0.0,0.0
621,0.0,0.0,0.0,0.0,0.0,0.0,0.0,0.0,0.0
622,0.0,0.0,0.0,0.0,0.0,0.0,0.0,0.0,0.0
623,0.0,0.0,0.0,0.0,0.0,0.0,0.0,0.0,0.0
624,0.0,0.0,0.0,0.0,0.0,0.0,0.0,0.0,0.0
625,0.0,0.0,0.0,0.0,0.0,0.0,0.0,0.0,0.0
626,0.0,0.0,0.0,0.0,0.0,0.0,0.0,0.0,0.0
627,0.0,0.0,0.0,0.0,0.0,0.0,0.0,0.0,0.0
628,0.0,0.0,0.0,0.0,0.0,0.0,0.0,0.0,0.0
629,0.0,0.0,0.0,0.0,0.0,0.0,0.0,0.0,0.0
630,0.0,0.0,0.0,0.0,0.0,0.0,0.0,0.0,0.0
631,0.0,0.0,0.0,0.0,0.0,0.0,0.0,0.0,0.0
632,0.0,0.0,0.0,0.0,0.0,0.0,0.0,0.0,0.0
633,0.0,0.0,0.0,0.0,0.0,0.0,0.0,0.0,0.0
634,0.0,0.0,0.0,0.0,0.0,0.0,0.0,0.0,0.0
635,0.0,0.0,0.0,0.0,0.0,0.0,0.0,0.0,0.0
636,0.0,0.0,0.0,0.0,0.0,0.0,0.0,0.0,0.0
637,0.0,0.0,0.0,0.0,0.0,0.0,0.0,0.0,0.0
638,0.0,0.0,0.0,0.0,0.0,0.0,0.0,0.0,0.0
639,0.0,0.0,0.0,0.0,0.0,0.0,0.0,0.0,0.0
640,0.0,0.0,0.0,0.0,0.0,0.0,0.0,0.0,0.0
641,0.0,0.0,0.0,0.0,0.0,0.0,0.0,0.0,0.0
642,0.0,0.0,0.0,0.0,0.0,0.0,0.0,0.0,0.0
643,0.0,0.0,0.0,0.0,0.0,0.0,0.0,0.0,0.0
644,0.0,0.0,0.0,0.0,0.0,0.0,0.0,0.0,0.0
645,0.0,0.0,0.0,0.0,0.0,0.0,0.0,0.0,0.0
646,0.0,0.0,0.0,0.0,0.0,0.0,0.0,0.0,0.0
647,0.0,0.0,0.0,0.0,0.0,0.0,0.0,0.0,0.0
648,0.0,0.0,0.0,0.0,0.0,0.0,0.0,0.0,0.0
649,0.0,0.0,0.0,0.0,0.0,0.0,0.0,0.0,0.0
650,0.0,0.0,0.0,0.0,0.0,0.0,0.0,0.0,0.0
651,0.0,0.0,0.0,0.0,0.0,0.0,0.0,0.0,0.0
652,0.0,0.0,0.0,0.0,0.0,0.0,0.0,0.0,0.0
653,0.0,0.0,0.0,0.0,0.0,0.0,0.0,0.0,0.0
654,0.0,0.0,0.0,0.0,0.0,0.0,0.0,0.0,0.0
655,0.0,0.0,0.0,0.0,0.0,0.0,0.0,0.0,0.0
656,0.0,0.0,0.0,0.0,0.0,0.0,0.0,0.0,0.0
657,0.0,0.0,0.0,0.0,0.0,0.0,0.0,0.0,0.0
658,0.0,0.0,0.0,0.0,0.0,0.0,0.0,0.0,0.0
659,0.0,0.0,0.0,0.0,0.0,0.0,0.0,0.0,0.0
660,0.0,0.0,0.0,0.0,0.0,0.0,0.0,0.0,0.0
661,0.0,0.0,0.0,0.0,0.0,0.0,0.0,0.0,0.0
662,0.0,0.0,0.0,0.0,0.0,0.0,0.0,0.0,0.0
663,0.0,0.0,0.0,0.0,0.0,0.0,0.0,0.0,0.0
664,0.0,0.0,0.0,0.0,0.0,0.0,0.0,0.0,0.0
665,0.0,0.0,0.0,0.0,0.0,0.0,0.0,0.0,0.0
666,0.0,0.0,0.0,0.0,0.0,0.0,0.0,0.0,0.0
667,0.0,0.0,0.0,0.0,0.0,0.0,0.0,0.0,0.0
668,0.0,0.0,0.0,0.0,0.0,0.0,0.0,0.0,0.0
669,0.0,0.0,0.0,0.0,0.0,0.0,0.0,0.0,0.0
670,0.0,0.0,0.0,0.0,0.0,0.0,0.0,0.0,0.0
671,0.0,0.0,0.0,0.0,0.0,0.0,0.0,0.0,0.0
672,0.0,0.0,0.0,0.0,0.0,0.0,0.0,0.0,0.0
673,0.0,0.0,0.0,0.0,0.0,0.0,0.0,0.0,0.0
674,0.0,0.0,0.0,0.0,0.0,0.0,0.0,0.0,0.0
675,0.0,0.0,0.0,0.0,0.0,0.0,0.0,0.0,0.0
676,0.0,0.0,0.0,0.0,0.0,0.0,0.0,0.0,0.0
677,0.0,0.0,0.0,0.0,0.0,0.0,0.0,0.0,0.0
678,0.0,0.0,0.0,0.0,0.0,0.0,0.0,0.0,0.0
679,0.0,0.0,0.0,0.0,0.0,0.0,0.0,0.0,0.0
680,0.0,0.0,0.0,0.0,0.0,0.0,0.0,0.0,0.0
681,0.0,0.0,0.0,0.0,0.0,0.0,0.0,0.0,0.0
682,0.0,0.0,0.0,0.0,0.0,0.0,0.0,0.0,0.0
683,0.0,0.0,0.0,0.0,0.0,0.0,0.0,0.0,0.0
684,0.0,0.0,0.0,0.0,0.0,0.0,0.0,0.0,0.0
685,0.0,0.0,0.0,0.0,0.0,0.0,0.0,0.0,0.0
686,0.0,0.0,0.0,0.0,0.0,0.0,0.0,0.0,0.0
687,0.0,0.0,0.0,0.0,0.0,0.0,0.0,0.0,0.0
688,0.0,0.0,0.0,0.0,0.0,0.0,0.0,0.0,0.0
689,0.0,0.0,0.0,0.0,0.0,0.0,0.0,0.0,0.0
690,0.0,0.0,0.0,0.0,0.0,0.0,0.0,0.0,0.0
691,0.0,0.0,0.0,0.0,0.0,0.0,0.0,0.0,0.0
692,0.0,0.0,0.0,0.0,0.0,0.0,0.0,0.0,0.0
693,0.0,0.0,0.0,0.0,0.0,0.0,0.0,0.0,0.0
694,0.0,0.0,0.0,0.0,0.0,0.0,0.0,0.0,0.0
695,0.0,0.0,0.0,0.0,0.0,0.0,0.0,0.0,0.0
696,0.0,0.0,0.0,0.0,0.0,0.0,0.0,0.0,0.0
697,0.0,0.0,0.0,0.0,0.0,0.0,0.0,0.0,0.0
698,0.0,0.0,0.0,0.0,0.0,0.0,0.0,0.0,0.0
699,0.0,0.0,0.0,0.0,0.0,0.0,0.0,0.0,0.0
700,0.0,0.0,0.0,0.0,0.0,0.0,0.0,0.0,0.0
701,0.0,0.0,0.0,0.0,0.0,0.0,0.0,0.0,0.0
702,0.0,0.0,0.0,0.0,0.0,0.0,0.0,0.0,0.0
703,0.0,0.0,0.0,0.0,0.0,0.0,0.0,0.0,0.0
704,0.0,0.0,0.0,0.0,0.0,0.0,0.0,0.0,0.0
705,0.0,0.0,0.0,0.0,0.0,0.0,0.0,0.0,0.0
706,0.0,0.0,0.0,0.0,0.0,0.0,0.0,0.0,0.0
707,0.0,0.0,0.0,0.0,0.0,0.0,0.0,0.0,0.0
708,0.0,0.0,0.0,0.0,0.0,0.0,0.0,0.0,0.0
709,0.0,0.0,0.0,0.0,0.0,0.0,0.0,0.0,0.0
710,0.0,0.0,0.0,0.0,0.0,0.0,0.0,0.0,0.0
711,0.0,0.0,0.0,0.0,0.0,0.0,0.0,0.0,0.0
712,0.0,0.0,0.0,0.0,0.0,0.0,0.0,0.0,0.0
713,0.0,0.0,0.0,0.0,0.0,0.0,0.0,0.0,0.0
714,0.0,0.0,0.0,0.0,0.0,0.0,0.0,0.0,0.0
715,0.0,0.0,0.0,0.0,0.0,0.0,0.0,0.0,0.0
716,0.0,0.0,0.0,0.0,0.0,0.0,0.0,0.0,0.0
717,0.0,0.0,0.0,0.0,0.0,0.0,0.0,0.0,0.0
718,0.0,0.0,0.0,0.0,0.0,0.0,0.0,0.0,0.0
719,0.0,0.0,0.0,0.0,0.0,0.0,0.0,0.0,0.0
720,0.0,0.0,0.0,0.0,0.0,0.0,0.0,0.0,0.0
721,0.0,0.0,0.0,0.0,0.0,0.0,0.0,0.0,0.0
722,0.0,0.0,0.0,0.0,0.0,0.0,0.0,0.0,0.0
723,0.0,0.0,0.0,0.0,0.0,0.0,0.0,0.0,0.0
724,0.0,0.0,0.0,0.0,0.0,0.0,0.0,0.0,0.0
725,0.0,0.0,0.0,0.0,0.0,0.0,0.0,0.0,0.0
726,0.0,0.0,0.0,0.0,0.0,0.0,0.0,0.0,0.0
727,0.0,0.0,0.0,0.0,0.0,0.0,0.0,0.0,0.0
728,0.0,0.0,0.0,0.0,0.0,0.0,0.0,0.0,0.0
729,0.0,0.0,0.0,0.0,0.0,0.0,0.0,0.0,0.0
730,0.0,0.0,0.0,0.0,0.0,0.0,0.0,0.0,0.0
731,0.0,0.0,0.0,0.0,0.0,0.0,0.0,0.0,0.0
732,0.0,0.0,0.0,0.0,0.0,0.0,0.0,0.0,0.0
733,0.0,0.0,0.0,0.0,0.0,0.0,0.0,0.0,0.0
734,0.0,0.0,0.0,0.0,0.0,0.0,0.0,0.0,0.0
735,0.0,0.0,0.0,0.0,0.0,0.0,0.0,0.0,0.0
736,0.0,0.0,0.0,0.0,0.0,0.0,0.0,0.0,0.0
737,0.0,0.0,0.0,0.0,0.0,0.0,0.0,0.0,0.0
738,0.0,0.0,0.0,0.0,0.0,0.0,0.0,0.0,0.0
739,0.0,0.0,0.0,0.0,0.0,0.0,0.0,0.0,0.0
740,0.0,0.0,0.0,0.0,0.0,0.0,0.0,0.0,0.0
741,0.0,0.0,0.0,0.0,0.0,0.0,0.0,0.0,0.0
742,0.0,0.0,0.0,0.0,0.0,0.0,0.0,0.0,0.0
743,0.0,0.0,0.0,0.0,0.0,0.0,0.0,0.0,0.0
744,0.0,0.0,0.0,0.0,0.0,0.0,0.0,0.0,0.0
745,0.0,0.0,0.0,0.0,0.0,0.0,0.0,0.0,0.0
746,0.0,0.0,0.0,0.0,0.0,0.0,0.0,0.0,0.0
747,0.0,0.0,0.0,0.0,0.0,0.0,0.0,0.0,0.0
748,0.0,0.0,0.0,0.0,0.0,0.0,0.0,0.0,0.0
749,0.0,0.0,0.0,0.0,0.0,0.0,0.0,0.0,0.0
750,0.0,0.0,0.0,0.0,0.0,0.0,0.0,0.0,0.0
751,0.0,0.0,0.0,0.0,0.0,0.0,0.0,0.0,0.0
752,0.0,0.0,0.0,0.0,0.0,0.0,0.0,0.0,0.0
753,0.0,0.0,0.0,0.0,0.0,0.0,0.0,0.0,0.0
754,0.0,0.0,0.0,0.0,0.0,0.0,0.0,0.0,0.0
755,0.0,0.0,0.0,0.0,0.0,0.0,0.0,0.0,0.0
756,0.0,0.0,0.0,0.0,0.0,0.0,0.0,0.0,0.0
757,0.0,0.0,0.0,0.0,0.0,0.0,0.0,0.0,0.0
758,0.0,0.0,0.0,0.0,0.0,0.0,0.0,0.0,0.0
759,0.0,0.0,0.0,0.0,0.0,0.0,0.0,0.0,0.0
760,0.0,0.0,0.0,0.0,0.0,0.0,0.0,0.0,0.0
761,0.0,0.0,0.0,0.0,0.0,0.0,0.0,0.0,0.0
762,0.0,0.0,0.0,0.0,0.0,0.0,0.0,0.0,0.0
763,0.0,0.0,0.0,0.0,0.0,0.0,0.0,0.0,0.0
764,0.0,0.0,0.0,0.0,0.0,0.0,0.0,0.0,0.0
765,0.0,0.0,0.0,0.0,0.0,0.0,0.0,0.0,0.0
766,0.0,0.0,0.0,0.0,0.0,0.0,0.0,0.0,0.0
767,0.0,0.0,0.0,0.0,0.0,0.0,0.0,0.0,0.0
768,0.0,0.0,0.0,0.0,0.0,0.0,0.0,0.0,0.0
769,0.0,0.0,0.0,0.0,0.0,0.0,0.0,0.0,0.0
770,0.0,0.0,0.0,0.0,0.0,0.0,0.0,0.0,0.0
771,0.0,0.0,0.0,0.0,0.0,0.0,0.0,0.0,0.0
772,0.0,0.0,0.0,0.0,0.0,0.0,0.0,0.0,0.0
773,0.0,0.0,0.0,0.0,0.0,0.0,0.0,0.0,0.0
774,0.0,0.0,0.0,0.0,0.0,0.0,0.0,0.0,0.0
775,0.0,0.0,0.0,0.0,0.0,0.0,0.0,0.0,0.0
776,0.0,0.0,0.0,0.0,0.0,0.0,0.0,0.0,0.0
777,0.0,0.0,0.0,0.0,0.0,0.0,0.0,0.0,0.0
778,0.0,0.0,0.0,0.0,0.0,0.0,0.0,0.0,0.0
779,0.0,0.0,0.0,0.0,0.0,0.0,0.0,0.0,0.0
780,0.0,0.0,0.0,0.0,0.0,0.0,0.0,0.0,0.0
781,0.0,0.0,0.0,0.0,0.0,0.0,0.0,0.0,0.0
782,0.0,0.0,0.0,0.0,0.0,0.0,0.0,0.0,0.0
783,0.0,0.0,0.0,0.0,0.0,0.0,0.0,0.0,0.0
784,0.0,0.0,0.0,0.0,0.0,0.0,0.0,0.0,0.0
785,0.0,0.0,0.0,0.0,0.0,0.0,0.0,0.0,0.0
786,0.0,0.0,0.0,0.0,0.0,0.0,0.0,0.0,0.0
787,0.0,0.0,0.0,0.0,0.0,0.0,0.0,0.0,0.0
788,0.0,0.0,0.0,0.0,0.0,0.0,0.0,0.0,0.0
789,0.0,0.0,0.0,0.0,0.0,0.0,0.0,0.0,0.0
790,0.0,0.0,0.0,0.0,0.0,0.0,0.0,0.0,0.0
791,0.0,0.0,0.0,0.0,0.0,0.0,0.0,0.0,0.0
792,0.0,0.0,0.0,0.0,0.0,0.0,0.0,0.0,0.0
793,0.0,0.0,0.0,0.0,0.0,0.0,0.0,0.0,0.0
794,0.0,0.0,0.0,0.0,0.0,0.0,0.0,0.0,0.0
795,0.0,0.0,0.0,0.0,0.0,0.0,0.0,0.0,0.0
796,0.0,0.0,0.0,0.0,0.0,0.0,0.0,0.0,0.0
797,0.0,0.0,0.0,0.0,0.0,0.0,0.0,0.0,0.0
798,0.0,0.0,0.0,0.0,0.0,0.0,0.0,0.0,0.0
799,0.0,0.0,0.0,0.0,0.0,0.0,0.0,0.0,0.0
800,0.0,0.0,0.0,0.0,0.0,0.0,0.0,0.0,0.0
801,0.0,0.0,0.0,0.0,0.0,0.0,0.0,0.0,0.0
802,0.0,0.0,0.0,0.0,0.0,0.0,0.0,0.0,0.0
803,0.0,0.0,0.0,0.0,0.0,0.0,0.0,0.0,0.0
804,0.0,0.0,0.0,0.0,0.0,0.0,0.0,0.0,0.0
805,0.0,0.0,0.0,0.0,0.0,0.0,0.0,0.0,0.0
806,0.0,0.0,0.0,0.0,0.0,0.0,0.0,0.0,0.0
807,0.0,0.0,0.0,0.0,0.0,0.0,0.0,0.0,0.0
808,0.0,0.0,0.0,0.0,0.0,0.0,0.0,0.0,0.0
809,0.0,0.0,0.0,0.0,0.0,0.0,0.0,0.0,0.0
810,0.0,0.0,0.0,0.0,0.0,0.0,0.0,0.0,0.0
811,0.0,0.0,0.0,0.0,0.0,0.0,0.0,0.0,0.0
812,0.0,0.0,0.0,0.0,0.0,0.0,0.0,0.0,0.0
813,0.0,0.0,0.0,0.0,0.0,0.0,0.0,0.0,0.0
814,0.0,0.0,0.0,0.0,0.0,0.0,0.0,0.0,0.0
815,0.0,0.0,0.0,0.0,0.0,0.0,0.0,0.0,0.0
816,0.0,0.0,0.0,0.0,0.0,0.0,0.0,0.0,0.0
817,0.0,0.0,0.0,0.0,0.0,0.0,0.0,0.0,0.0
818,0.0,0.0,0.0,0.0,0.0,0.0,0.0,0.0,0.0
819,0.0,0.0,0.0,0.0,0.0,0.0,0.0,0.0,0.0
820,0.0,0.0,0.0,0.0,0.0,0.0,0.0,0.0,0.0
821,0.0,0.0,0.0,0.0,0.0,0.0,0.0,0.0,0.0
822,0.0,0.0,0.0,0.0,0.0,0.0,0.0,0.0,0.0
823,0.0,0.0,0.0,0.0,0.0,0.0,0.0,0.0,0.0
824,0.0,0.0,0.0,0.0,0.0,0.0,0.0,0.0,0.0
825,0.0,0.0,0.0,0.0,0.0,0.0,0.0,0.0,0.0
826,0.0,0.0,0.0,0.0,0.0,0.0,0.0,0.0,0.0
827,0.0,0.0,0.0,0.0,0.0,0.0,0.0,0.0,0.0
828,0.0,0.0,0.0,0.0,0.0,0.0,0.0,0.0,0.0
829,0.0,0.0,0.0,0.0,0.0,0.0,0.0,0.0,0.0
830,0.0,0.0,0.0,0.0,0.0,0.0,0.0,0.0,0.0
831,0.0,0.0,0.0,0.0,0.0,0.0,0.0,0.0,0.0
832,0.0,0.0,0.0,0.0,0.0,0.0,0.0,0.0,0.0
833,0.0,0.0,0.0,0.0,0.0,0.0,0.0,0.0,0.0
834,0.0,0.0,0.0,0.0,0.0,0.0,0.0,0.0,0.0
835,0.0,0.0,0.0,0.0,0.0,0.0,0.0,0.0,0.0
836,0.0,0.0,0.0,0.0,0.0,0.0,0.0,0.0,0.0
837,0.0,0.0,0.0,0.0,0.0,0.0,0.0,0.0,0.0
838,0.0,0.0,0.0,0.0,0.0,0.0,0.0,0.0,0.0
839,0.0,0.0,0.0,0.0,0.0,0.0,0.0,0.0,0.0
840,0.0,0.0,0.0,0.0,0.0,0.0,0.0,0.0,0.0
841,0.0,0.0,0.0,0.0,0.0,0.0,0.0,0.0,0.0
842,0.0,0.0,0.0,0.0,0.0,0.0,0.0,0.0,0.0
843,0.0,0.0,0.0,0.0,0.0,0.0,0.0,0.0,0.0
844,0.0,0.0,0.0,0.0,0.0,0.0,0.0,0.0,0.0
845,0.0,0.0,0.0,0.0,0.0,0.0,0.0,0.0,0.0
846,0.0,0.0,0.0,0.0,0.0,0.0,0.0,0.0,0.0
847,0.0,0.0,0.0,0.0,0.0,0.0,0.0,0.0,0.0
848,0.0,0.0,0.0,0.0,0.0,0.0,0.0,0.0,0.0
849,0.0,0.0,0.0,0.0,0.0,0.0,0.0,0.0,0.0
850,0.0,0.0,0.0,0.0,0.0,0.0,0.0,0.0,0.0
851,0.0,0.0,0.0,0.0,0.0,0.0,0.0,0.0,0.0
852,0.0,0.0,0.0,0.0,0.0,0.0,0.0,0.0,0.0
853,0.0,0.0,0.0,0.0,0.0,0.0,0.0,0.0,0.0
854,0.0,0.0,0.0,0.0,0.0,0.0,0.0,0.0,0.0
855,0.0,0.0,0.0,0.0,0.0,0.0,0.0,0.0,0.0
856,0.0,0.0,0.0,0.0,0.0,0.0,0.0,0.0,0.0
857,0.0,0.0,0.0,0.0,0.0,0.0,0.0,0.0,0.0
858,0.0,0.0,0.0,0.0,0.0,0.0,0.0,0.0,0.0
859,0.0,0.0,0.0,0.0,0.0,0.0,0.0,0.0,0.0
860,0.0,0.0,0.0,0.0,0.0,0.0,0.0,0.0,0.0
861,0.0,0.0,0.0,0.0,0.0,0.0,0.0,0.0,0.0
862,0.0,0.0,0.0,0.0,0.0,0.0,0.0,0.0,0.0
863,0.0,0.0,0.0,0.0,0.0,0.0,0.0,0.0,0.0
864,0.0,0.0,0.0,0.0,0.0,0.0,0.0,0.0,0.0
865,0.0,0.0,0.0,0.0,0.0,0.0,0.0,0.0,0.0
866,0.0,0.0,0.0,0.0,0.0,0.0,0.0,0.0,0.0
867,0.0,0.0,0.0,0.0,0.0,0.0,0.0,0.0,0.0
868,0.0,0.0,0.0,0.0,0.0,0.0,0.0,0.0,0.0
869,0.0,0.0,0.0,0.0,0.0,0.0,0.0,0.0,0.0
870,0.0,0.0,0.0,0.0,0.0,0.0,0.0,0.0,0.0
871,0.0,0.0,0.0,0.0,0.0,0.0,0.0,0.0,0.0
872,0.0,0.0,0.0,0.0,0.0,0.0,0.0,0.0,0.0
873,0.0,0.0,0.0,0.0,0.0,0.0,0.0,0.0,0.0
874,0.0,0.0,0.0,0.0,0.0,0.0,0.0,0.0,0.0
875,0.0,0.0,0.0,0.0,0.0,0.0,0.0,0.0,0.0
876,0.0,0.0,0.0,0.0,0.0,0.0,0.0,0.0,0.0
877,0.0,0.0,0.0,0.0,0.0,0.0,0.0,0.0,0.0
878,0.0,0.0,0.0,0.0,0.0,0.0,0.0,0.0,0.0
879,0.0,0.0,0.0,0.0,0.0,0.0,0.0,0.0,0.0
880,0.0,0.0,0.0,0.0,0.0,0.0,0.0,0.0,0.0
881,0.0,0.0,0.0,0.0,0.0,0.0,0.0,0.0,0.0
882,0.0,0.0,0.0,0.0,0.0,0.0,0.0,0.0,0.0
883,0.0,0.0,0.0,0.0,0.0,0.0,0.0,0.0,0.0
884,0.0,0.0,0.0,0.0,0.0,0.0,0.0,0.0,0.0
885,0.0,0.0,0.0,0.0,0.0,0.0,0.0,0.0,0.0
886,0.0,0.0,0.0,0.0,0.0,0.0,0.0,0.0,0.0
887,0.0,0.0,0.0,0.0,0.0,0.0,0.0,0.0,0.0
888,0.0,0.0,0.0,0.0,0.0,0.0,0.0,0.0,0.0
889,0.0,0.0,0.0,0.0,0.0,0.0,0.0,0.0,0.0
890,0.0,0.0,0.0,0.0,0.0,0.0,0.0,0.0,0.0
891,0.0,0.0,0.0,0.0,0.0,0.0,0.0,0.0,0.0
892,0.0,0.0,0.0,0.0,0.0,0.0,0.0,0.0,0.0
893,0.0,0.0,0.0,0.0,0.0,0.0,0.0,0.0,0.0
894,0.0,0.0,0.0,0.0,0.0,0.0,0.0,0.0,0.0
895,0.0,0.0,0.0,0.0,0.0,0.0,0.0,0.0,0.0
896,0.0,0.0,0.0,0.0,0.0,0.0,0.0,0.0,0.0
897,0.0,0.0,0.0,0.0,0.0,0.0,0.0,0.0,0.0
898,0.0,0.0,0.0,0.0,0.0,0.0,0.0,0.0,0.0
899,0.0,0.0,0.0,0.0,0.0,0.0,0.0,0.0,0.0
900,0.0,0.0,0.0,0.0,0.0,0.0,0.0,0.0,0.0
901,0.0,0.0,0.0,0.0,0.0,0.0,0.0,0.0,0.0
902,0.0,0.0,0.0,0.0,0.0,0.0,0.0,0.0,0.0
903,0.0,0.0,0.0,0.0,0.0,0.0,0.0,0.0,0.0
904,0.0,0.0,0.0,0.0,0.0,0.0,0.0,0.0,0.0
905,0.0,0.0,0.0,0.0,0.0,0.0,0.0,0.0,0.0
906,0.0,0.0,0.0,0.0,0.0,0.0,0.0,0.0,0.0
907,0.0,0.0,0.0,0.0,0.0,0.0,0.0,0.0,0.0
908,0.0,0.0,0.0,0.0,0.0,0.0,0.0,0.0,0.0
909,0.0,0.0,0.0,0.0,0.0,0.0,0.0,0.0,0.0
910,0.0,0.0,0.0,0.0,0.0,0.0,0.0,0.0,0.0
911,0.0,0.0,0.0,0.0,0.0,0.0,0.0,0.0,0.0
912,0.0,0.0,0.0,0.0,0.0,0.0,0.0,0.0,0.0
913,0.0,0.0,0.0,0.0,0.0,0.0,0.0,0.0,0.0
914,0.0,0.0,0.0,0.0,0.0,0.0,0.0,0.0,0.0
915,0.0,0.0,0.0,0.0,0.0,0.0,0.0,0.0,0.0
916,0.0,0.0,0.0,0.0,0.0,0.0,0.0,0.0,0.0
917,0.0,0.0,0.0,0.0,0.0,0.0,0.0,0.0,0.0
918,0.0,0.0,0.0,0.0,0.0,0.0,0.0,0.0,0.0
919,0.0,0.0,0.0,0.0,0.0,0.0,0.0,0.0,0.0
920,0.0,0.0,0.0,0.0,0.0,0.0,0.0,0.0,0.0
921,0.0,0.0,0.0,0.0,0.0,0.0,0.0,0.0,0.0
922,0.0,0.0,0.0,0.0,0.0,0.0,0.0,0.0,0.0
923,0.0,0.0,0.0,0.0,0.0,0.0,0.0,0.0,0.0
924,0.0,0.0,0.0,0.0,0.0,0.0,0.0,0.0,0.0
925,0.0,0.0,0.0,0.0,0.0,0.0,0.0,0.0,0.0
926,0.0,0.0,0.0,0.0,0.0,0.0,0.0,0.0,0.0
927,0.0,0.0,0.0,0.0,0.0,0.0,0.0,0.0,0.0
928,0.0,0.0,0.0,0.0,0.0,0.0,0.0,0.0,0.0
929,0.0,0.0,0.0,0.0,0.0,0.0,0.0,0.0,0.0
930,0.0,0.0,0.0,0.0,0.0,0.0,0.0,0.0,0.0
931,0.0,0.0,0.0,0.0,0.0,0.0,0.0,0.0,0.0
932,0.0,0.0,0.0,0.0,0.0,0.0,0.0,0.0,0.0
933,0.0,0.0,0.0,0.0,0.0,0.0,0.0,0.0,0.0
934,0.0,0.0,0.0,0.0,0.0,0.0,0.0,0.0,0.0
935,0.0,0.0,0.0,0.0,0.0,0.0,0.0,0.0,0.0
936,0.0,0.0,0.0,0.0,0.0,0.0,0.0,0.0,0.0
937,0.0,0.0,0.0,0.0,0.0,0.0,0.0,0.0,0.0
938,0.0,0.0,0.0,0.0,0.0,0.0,0.0,0.0,0.0
939,0.0,0.0,0.0,0.0,0.0,0.0,0.0,0.0,0.0
940,0.0,0.0,0.0,0.0,0.0,0.0,0.0,0.0,0.0
941,0.0,0.0,0.0,0.0,0.0,0.0,0.0,0.0,0.0
942,0.0,0.0,0.0,0.0,0.0,0.0,0.0,0.0,0.0
943,0.0,0.0,0.0,0.0,0.0,0.0,0.0,0.0,0.0
944,0.0,0.0,0.0,0.0,0.0,0.0,0.0,0.0,0.0
945,0.0,0.0,0.0,0.0,0.0,0.0,0.0,0.0,0.0
946,0.0,0.0,0.0,0.0,0.0,0.0,0.0,0.0,0.0
947,0.0,0.0,0.0,0.0,0.0,0.0,0.0,0.0,0.0
948,0.0,0.0,0.0,0.0,0.0,0.0,0.0,0.0,0.0
949,0.0,0.0,0.0,0.0,0.0,0.0,0.0,0.0,0.0
950,0.0,0.0,0.0,0.0,0.0,0.0,0.0,0.0,0.0
951,0.0,0.0,0.0,0.0,0.0,0.0,0.0,0.0,0.0
952,0.0,0.0,0.0,0.0,0.0,0.0,0.0,0.0,0.0
953,0.0,0.0,0.0,0.0,0.0,0.0,0.0,0.0,0.0
954,0.0,0.0,0.0,0.0,0.0,0.0,0.0,0.0,0.0
955,0.0,0.0,0.0,0.0,0.0,0.0,0.0,0.0,0.0
956,0.0,0.0,0.0,0.0,0.0,0.0,0.0,0.0,0.0
957,0.0,0.0,0.0,0.0,0.0,0.0,0.0,0.0,0.0
958,0.0,0.0,0.0,0.0,0.0,0.0,0.0,0.0,0.0
959,0.0,0.0,0.0,0.0,0.0,0.0,0.0,0.0,0.0
960,0.0,0.0,0.0,0.0,0.0,0.0,0.0,0.0,0.0
961,0.0,0.0,0.0,0.0,0.0,0.0,0.0,0.0,0.0
962,0.0,0.0,0.0,0.0,0.0,0.0,0.0,0.0,0.0
963,0.0,0.0,0.0,0.0,0.0,0.0,0.0,0.0,0.0
964,0.0,0.0,0.0,0.0,0.0,0.0,0.0,0.0,0.0
965,0.0,0.0,0.0,0.0,0.0,0.0,0.0,0.0,0.0
966,0.0,0.0,0.0,0.0,0.0,0.0,0.0,0.0,0.0
967,0.0,0.0,0.0,0.0,0.0,0.0,0.0,0.0,0.0
968,0.0,0.0,0.0,0.0,0.0,0.0,0.0,0.0,0.0
969,0.0,0.0,0.0,0.0,0.0,0.0,0.0,0.0,0.0
970,0.0,0.0,0.0,0.0,0.0,0.0,0.0,0.0,0.0
971,0.0,0.0,0.0,0.0,0.0,0.0,0.0,0.0,0.0
972,0.0,0.0,0.0,0.0,0.0,0.0,0.0,0.0,0.0
973,0.0,0.0,0.0,0.0,0.0,0.0,0.0,0.0,0.0
974,0.0,0.0,0.0,0.0,0.0,0.0,0.0,0.0,0.0
975,0.0,0.0,0.0,0.0,0.0,0.0,0.0,0.0,0.0
976,0.0,0.0,0.0,0.0,0.0,0.0,0.0,0.0,0.0
977,0.0,0.0,0.0,0.0,0.0,0.0,0.0,0.0,0.0
978,0.0,0.0,0.0,0.0,0.0,0.0,0.0,0.0,0.0
979,0.0,0.0,0.0,0.0,0.0,0.0,0.0,0.0,0.0
980,0.0,0.0,0.0,0.0,0.0,0.0,0.0,0.0,0.0
981,0.0,0.0,0.0,0.0,0.0,0.0,0.0,0.0,0.0
982,0.0,0.0,0.0,0.0,0.0,0.0,0.0,0.0,0.0
983,0.0,0.0,0.0,0.0,0.0,0.0,0.0,0.0,0.0
984,0.0,0.0,0.0,0.0,0.0,0.0,0.0,0.0,0.0
985,0.0,0.0,0.0,0.0,0.0,0.0,0.0,0.0,0.0
986,0.0,0.0,0.0,0.0,0.0,0.0,0.0,0.0,0.0
987,0.0,0.0,0.0,0.0,0.0,0.0,0.0,0.0,0.0
988,0.0,0.0,0.0,0.0,0.0,0.0,0.0,0.0,0.0
989,0.0,0.0,0.0,0.0,0.0,0.0,0.0,0.0,0.0
990,0.0,0.0,0.0,0.0,0.0,0.0,0.0,0.0,0.0
991,0.0,0.0,0.0,0.0,0.0,0.0,0.0,0.0,0.0
992,0.0,0.0,0.0,0.0,0.0,0.0,0.0,0.0,0.0
993,0.0,0.0,0.0,0.0,0.0,0.0,0.0,0.0,0.0
994,0.0,0.0,0.0,0.0,0.0,0.0,0.0,0.0,0.0
995,0.0,0.0,0.0,0.0,0.0,0.0,0.0,0.0,0.0
996,0.0,0.0,0.0,0.0,0.0,0.0,0.0,0.0,0.0
997,0.0,0.0,0.0,0.0,0.0,0.0,0.0,0.0,0.0
998,0.0,0.0,0.0,0.0,0.0,0.0,0.0,0.0,0.0
999,0.0,0.0,0.0,0.0,0.0,0.0,0.0,0.0,0.0
1000,0.0,0.0,0.0,0.0,0.0,0.0,0.0,0.0,0.0
1001,0.0,0.0,0.0,0.0,0.0,0.0,0.0,0.0,0.0
1002,0.0,0.0,0.0,0.0,0.0,0.0,0.0,0.0,0.0
1003,0.0,0.0,0.0,0.0,0.0,0.0,0.0,0.0,0.0
1004,0.0,0.0,0.0,0.0,0.0,0.0,0.0,0.0,0.0
1005,0.0,0.0,0.0,0.0,0.0,0.0,0.0,0.0,0.0
1006,0.0,0.0,0.0,0.0,0.0,0.0,0.0,0.0,0.0
1007,0.0,0.0,0.0,0.0,0.0,0.0,0.0,0.0,0.0
1008,0.0,0.0,0.0,0.0,0.0,0.0,0.0,0.0,0.0
1009,0.0,0.0,0.0,0.0,0.0,0.0,0.0,0.0,0.0
1010,0.0,0.0,0.0,0.0,0.0,0.0,0.0,0.0,0.0
1011,0.0,0.0,0.0,0.0,0.0,0.0,0.0,0.0,0.0
1012,0.0,0.0,0.0,0.0,0.0,0.0,0.0,0.0,0.0
1013,0.0,0.0,0.0,0.0,0.0,0.0,0.0,0.0,0.0
1014,0.0,0.0,0.0,0.0,0.0,0.0,0.0,0.0,0.0
1015,0.0,0.0,0.0,0.0,0.0,0.0,0.0,0.0,0.0
1016,0.0,0.0,0.0,0.0,0.0,0.0,0.0,0.0,0.0
1017,0.0,0.0,0.0,0.0,0.0,0.0,0.0,0.0,0.0
1018,0.0,0.0,0.0,0.0,0.0,0.0,0.0,0.0,0.0
1019,0.0,0.0,0.0,0.0,0.0,0.0,0.0,0.0,0.0
1020,0.0,0.0,0.0,0.0,0.0,0.0,0.0,0.0,0.0
1021,0.0,0.0,0.0,0.0,0.0,0.0,0.0,0.0,0.0
1022,0.0,0.0,0.0,0.0,0.0,0.0,0.0,0.0,0.0
1023,0.0,0.0,0.0,0.0,0.0,0.0,0.0,0.0,0.0
1024,0.0,0.0,0.0,0.0,0.0,0.0,0.0,0.0,0.0
1025,0.0,0.0,0.0,0.0,0.0,0.0,0.0,0.0,0.0
1026,0.0,0.0,0.0,0.0,0.0,0.0,0.0,0.0,0.0
1027,0.0,0.0,0.0,0.0,0.0,0.0,0.0,0.0,0.0
1028,0.0,0.0,0.0,0.0,0.0,0.0,0.0,0.0,0.0
1029,0.0,0.0,0.0,0.0,0.0,0.0,0.0,0.0,0.0
1030,0.0,0.0,0.0,0.0,0.0,0.0,0.0,0.0,0.0
1031,0.0,0.0,0.0,0.0,0.0,0.0,0.0,0.0,0.0
1032,0.0,0.0,0.0,0.0,0.0,0.0,0.0,0.0,0.0
1033,0.0,0.0,0.0,0.0,0.0,0.0,0.0,0.0,0.0
1034,0.0,0.0,0.0,0.0,0.0,0.0,0.0,0.0,0.0
1035,0.0,0.0,0.0,0.0,0.0,0.0,0.0,0.0,0.0
1036,0.0,0.0,0.0,0.0,0.0,0.0,0.0,0.0,0.0
1037,0.0,0.0,0.0,0.0,0.0,0.0,0.0,0.0,0.0
1038,0.0,0.0,0.0,0.0,0.0,0.0,0.0,0.0,0.0
1039,0.0,0.0,0.0,0.0,0.0,0.0,0.0,0.0,0.0
1040,0.0,0.0,0.0,0.0,0.0,0.0,0.0,0.0,0.0
1041,0.0,0.0,0.0,0.0,0.0,0.0,0.0,0.0,0.0
1042,0.0,0.0,0.0,0.0,0.0,0.0,0.0,0.0,0.0
1043,0.0,0.0,0.0,0.0,0.0,0.0,0.0,0.0,0.0
1044,0.0,0.0,0.0,0.0,0.0,0.0,0.0,0.0,0.0
1045,0.0,0.0,0.0,0.0,0.0,0.0,0.0,0.0,0.0
1046,0.0,0.0,0.0,0.0,0.0,0.0,0.0,0.0,0.0
1047,0.0,0.0,0.0,0.0,0.0,0.0,0.0,0.0,0.0
1048,0.0,0.0,0.0,0.0,0.0,0.0,0.0,0.0,0.0
1049,0.0,0.0,0.0,0.0,0.0,0.0,0.0,0.0,0.0
1050,0.0,0.0,0.0,0.0,0.0,0.0,0.0,0.0,0.0
1051,0.0,0.0,0.0,0.0,0.0,0.0,0.0,0.0,0.0
1052,0.0,0.0,0.0,0.0,0.0,0.0,0.0,0.0,0.0
1053,0.0,0.0,0.0,0.0,0.0,0.0,0.0,0.0,0.0
1054,0.0,0.0,0.0,0.0,0.0,0.0,0.0,0.0,0.0
1055,0.0,0.0,0.0,0.0,0.0,0.0,0.0,0.0,0.0
1056,0.0,0.0,0.0,0.0,0.0,0.0,0.0,0.0,0.0
1057,0.0,0.0,0.0,0.0,0.0,0.0,0.0,0.0,0.0
1058,0.0,0.0,0.0,0.0,0.0,0.0,0.0,0.0,0.0
1059,0.0,0.0,0.0,0.0,0.0,0.0,0.0,0.0,0.0
1060,0.0,0.0,0.0,0.0,0.0,0.0,0.0,0.0,0.0
1061,0.0,0.0,0.0,0.0,0.0,0.0,0.0,0.0,0.0
1062,0.0,0.0,0.0,0.0,0.0,0.0,0.0,0.0,0.0
1063,0.0,0.0,0.0,0.0,0.0,0.0,0.0,0.0,0.0
1064,0.0,0.0,0.0,0.0,0.0,0.0,0.0,0.0,0.0
1065,0.0,0.0,0.0,0.0,0.0,0.0,0.0,0.0,0.0
1066,0.0,0.0,0.0,0.0,0.0,0.0,0.0,0.0,0.0
1067,0.0,0.0,0.0,0.0,0.0,0.0,0.0,0.0,0.0
1068,0.0,0.0,0.0,0.0,0.0,0.0,0.0,0.0,0.0
1069,0.0,0.0,0.0,0.0,0.0,0.0,0.0,0.0,0.0
1070,0.0,0.0,0.0,0.0,0.0,0.0,0.0,0.0,0.0
1071,0.0,0.0,0.0,0.0,0.0,0.0,0.0,0.0,0.0
1072,0.0,0.0,0.0,0.0,0.0,0.0,0.0,0.0,0.0
1073,0.0,0.0,0.0,0.0,0.0,0.0,0.0,0.0,0.0
1074,0.0,0.0,0.0,0.0,0.0,0.0,0.0,0.0,0.0
1075,0.0,0.0,0.0,0.0,0.0,0.0,0.0,0.0,0.0
1076,0.0,0.0,0.0,0.0,0.0,0.0,0.0,0.0,0.0
1077,0.0,0.0,0.0,0.0,0.0,0.0,0.0,0.0,0.0
1078,0.0,0.0,0.0,0.0,0.0,0.0,0.0,0.0,0.0
1079,0.0,0.0,0.0,0.0,0.0,0.0,0.0,0.0,0.0
1080,0.0,0.0,0.0,0.0,0.0,0.0,0.0,0.0,0.0
1081,0.0,0.0,0.0,0.0,0.0,0.0,0.0,0.0,0.0
1082,0.0,0.0,0.0,0.0,0.0,0.0,0.0,0.0,0.0
1083,0.0,0.0,0.0,0.0,0.0,0.0,0.0,0.0,0.0
1084,0.0,0.0,0.0,0.0,0.0,0.0,0.0,0.0,0.0
1085,0.0,0.0,0.0,0.0,0.0,0.0,0.0,0.0,0.0
1086,0.0,0.0,0.0,0.0,0.0,0.0,0.0,0.0,0.0
1087,0.0,0.0,0.0,0.0,0.0,0.0,0.0,0.0,0.0
1088,0.0,0.0,0.0,0.0,0.0,0.0,0.0,0.0,0.0
1089,0.0,0.0,0.0,0.0,0.0,0.0,0.0,0.0,0.0
1090,0.0,0.0,0.0,0.0,0.0,0.0,0.0,0.0,0.0
1091,0.0,0.0,0.0,0.0,0.0,0.0,0.0,0.0,0.0
1092,0.0,0.0,0.0,0.0,0.0,0.0,0.0,0.0,0.0
1093,0.0,0.0,0.0,0.0,0.0,0.0,0.0,0.0,0.0
1094,0.0,0.0,0.0,0.0,0.0,0.0,0.0,0.0,0.0
1095,0.0,0.0,0.0,0.0,0.0,0.0,0.0,0.0,0.0
1096,0.0,0.0,0.0,0.0,0.0,0.0,0.0,0.0,0.0
1097,0.0,0.0,0.0,0.0,0.0,0.0,0.0,0.0,0.0
1098,0.0,0.0,0.0,0.0,0.0,0.0,0.0,0.0,0.0
1099,0.0,0.0,0.0,0.0,0.0,0.0,0.0,0.0,0.0
1100,0.0,0.0,0.0,0.0,0.0,0.0,0.0,0.0,0.0
1101,0.0,0.0,0.0,0.0,0.0,0.0,0.0,0.0,0.0
1102,0.0,0.0,0.0,0.0,0.0,0.0,0.0,0.0,0.0
1103,0.0,0.0,0.0,0.0,0.0,0.0,0.0,0.0,0.0
1104,0.0,0.0,0.0,0.0,0.0,0.0,0.0,0.0,0.0
1105,0.0,0.0,0.0,0.0,0.0,0.0,0.0,0.0,0.0
1106,0.0,0.0,0.0,0.0,0.0,0.0,0.0,0.0,0.0
1107,0.0,0.0,0.0,0.0,0.0,0.0,0.0,0.0,0.0
1108,0.0,0.0,0.0,0.0,0.0,0.0,0.0,0.0,0.0
1109,0.0,0.0,0.0,0.0,0.0,0.0,0.0,0.0,0.0
1110,0.0,0.0,0.0,0.0,0.0,0.0,0.0,0.0,0.0
1111,0.0,0.0,0.0,0.0,0.0,0.0,0.0,0.0,0.0
1112,0.0,0.0,0.0,0.0,0.0,0.0,0.0,0.0,0.0
1113,0.0,0.0,0.0,0.0,0.0,0.0,0.0,0.0,0.0
1114,0.0,0.0,0.0,0.0,0.0,0.0,0.0,0.0,0.0
1115,0.0,0.0,0.0,0.0,0.0,0.0,0.0,0.0,0.0
1116,0.0,0.0,0.0,0.0,0.0,0.0,0.0,0.0,0.0
1117,0.0,0.0,0.0,0.0,0.0,0.0,0.0,0.0,0.0
1118,0.0,0.0,0.0,0.0,0.0,0.0,0.0,0.0,0.0
1119,0.0,0.0,0.0,0.0,0.0,0.0,0.0,0.0,0.0
1120,0.0,0.0,0.0,0.0,0.0,0.0,0.0,0.0,0.0
1121,0.0,0.0,0.0,0.0,0.0,0.0,0.0,0.0,0.0
1122,0.0,0.0,0.0,0.0,0.0,0.0,0.0,0.0,0.0
1123,0.0,0.0,0.0,0.0,0.0,0.0,0.0,0.0,0.0
1124,0.0,0.0,0.0,0.0,0.0,0.0,0.0,0.0,0.0
1125,0.0,0.0,0.0,0.0,0.0,0.0,0.0,0.0,0.0
1126,0.0,0.0,0.0,0.0,0.0,0.0,0.0,0.0,0.0
1127,0.0,0.0,0.0,0.0,0.0,0.0,0.0,0.0,0.0
1128,0.0,0.0,0.0,0.0,0.0,0.0,0.0,0.0,0.0
1129,0.0,0.0,0.0,0.0,0.0,0.0,0.0,0.0,0.0
1130,0.0,0.0,0.0,0.0,0.0,0.0,0.0,0.0,0.0
1131,0.0,0.0,0.0,0.0,0.0,0.0,0.0,0.0,0.0
1132,0.0,0.0,0.0,0.0,0.0,0.0,0.0,0.0,0.0
1133,0.0,0.0,0.0,0.0,0.0,0.0,0.0,0.0,0.0
1134,0.0,0.0,0.0,0.0,0.0,0.0,0.0,0.0,0.0
1135,0.0,0.0,0.0,0.0,0.0,0.0,0.0,0.0,0.0
1136,0.0,0.0,0.0,0.0,0.0,0.0,0.0,0.0,0.0
1137,0.0,0.0,0.0,0.0,0.0,0.0,0.0,0.0,0.0
1138,0.0,0.0,0.0,0.0,0.0,0.0,0.0,0.0,0.0
1139,0.0,0.0,0.0,0.0,0.0,0.0,0.0,0.0,0.0
1140,0.0,0.0,0.0,0.0,0.0,0.0,0.0,0.0,0.0
1141,0.0,0.0,0.0,0.0,0.0,0.0,0.0,0.0,0.0
1142,0.0,0.0,0.0,0.0,0.0,0.0,0.0,0.0,0.0
1143,0.0,0.0,0.0,0.0,0.0,0.0,0.0,0.0,0.0
1144,0.0,0.0,0.0,0.0,0.0,0.0,0.0,0.0,0.0
1145,0.0,0.0,0.0,0.0,0.0,0.0,0.0,0.0,0.0
1146,0.0,0.0,0.0,0.0,0.0,0.0,0.0,0.0,0.0
1147,0.0,0.0,0.0,0.0,0.0,0.0,0.0,0.0,0.0
1148,0.0,0.0,0.0,0.0,0.0,0.0,0.0,0.0,0.0
1149,0.0,0.0,0.0,0.0,0.0,0.0,0.0,0.0,0.0
1150,0.0,0.0,0.0,0.0,0.0,0.0,0.0,0.0,0.0
1151,0.0,0.0,0.0,0.0,0.0,0.0,0.0,0.0,0.0
1152,0.0,0.0,0.0,0.0,0.0,0.0,0.0,0.0,0.0
1153,0.0,0.0,0.0,0.0,0.0,0.0,0.0,0.0,0.0
1154,0.0,0.0,0.0,0.0,0.0,0.0,0.0,0.0,0.0
1155,0.0,0.0,0.0,0.0,0.0,0.0,0.0,0.0,0.0
1156,0.0,0.0,0.0,0.0,0.0,0.0,0.0,0.0,0.0
1157,0.0,0.0,0.0,0.0,0.0,0.0,0.0,0.0,0.0
1158,0.0,0.0,0.0,0.0,0.0,0.0,0.0,0.0,0.0
1159,0.0,0.0,0.0,0.0,0.0,0.0,0.0,0.0,0.0
1160,0.0,0.0,0.0,0.0,0.0,0.0,0.0,0.0,0.0
1161,0.0,0.0,0.0,0.0,0.0,0.0,0.0,0.0,0.0
1162,0.0,0.0,0.0,0.0,0.0,0.0,0.0,0.0,0.0
1163,0.0,0.0,0.0,0.0,0.0,0.0,0.0,0.0,0.0
1164,0.0,0.0,0.0,0.0,0.0,0.0,0.0,0.0,0.0
1165,0.0,0.0,0.0,0.0,0.0,0.0,0.0,0.0,0.0
1166,0.0,0.0,0.0,0.0,0.0,0.0,0.0,0.0,0.0
1167,0.0,0.0,0.0,0.0,0.0,0.0,0.0,0.0,0.0
1168,0.0,0.0,0.0,0.0,0.0,0.0,0.0,0.0,0.0
1169,0.0,0.0,0.0,0.0,0.0,0.0,0.0,0.0,0.0
1170,0.0,0.0,0.0,0.0,0.0,0.0,0.0,0.0,0.0
1171,0.0,0.0,0.0,0.0,0.0,0.0,0.0,0.0,0.0
1172,0.0,0.0,0.0,0.0,0.0,0.0,0.0,0.0,0.0
1173,0.0,0.0,0.0,0.0,0.0,0.0,0.0,0.0,0.0
1174,0.0,0.0,0.0,0.0,0.0,0.0,0.0,0.0,0.0
1175,0.0,0.0,0.0,0.0,0.0,0.0,0.0,0.0,0.0
1176,0.0,0.0,0.0,0.0,0.0,0.0,0.0,0.0,0.0
1177,0.0,0.0,0.0,0.0,0.0,0.0,0.0,0.0,0.0
1178,0.0,0.0,0.0,0.0,0.0,0.0,0.0,0.0,0.0
1179,0.0,0.0,0.0,0.0,0.0,0.0,0.0,0.0,0.0
1180,0.0,0.0,0.0,0.0,0.0,0.0,0.0,0.0,0.0
1181,0.0,0.0,0.0,0.0,0.0,0.0,0.0,0.0,0.0
1182,0.0,0.0,0.0,0.0,0.0,0.0,0.0,0.0,0.0
1183,0.0,0.0,0.0,0.0,0.0,0.0,0.0,0.0,0.0
1184,0.0,0.0,0.0,0.0,0.0,0.0,0.0,0.0,0.0
1185,0.0,0.0,0.0,0.0,0.0,0.0,0.0,0.0,0.0
1186,0.0,0.0,0.0,0.0,0.0,0.0,0.0,0.0,0.0
1187,0.0,0.0,0.0,0.0,0.0,0.0,0.0,0.0,0.0
1188,0.0,0.0,0.0,0.0,0.0,0.0,0.0,0.0,0.0
1189,0.0,0.0,0.0,0.0,0.0,0.0,0.0,0.0,0.0
1190,0.0,0.0,0.0,0.0,0.0,0.0,0.0,0.0,0.0
1191,0.0,0.0,0.0,0.0,0.0,0.0,0.0,0.0,0.0
1192,0.0,0.0,0.0,0.0,0.0,0.0,0.0,0.0,0.0
1193,0.0,0.0,0.0,0.0,0.0,0.0,0.0,0.0,0.0
1194,0.0,0.0,0.0,0.0,0.0,0.0,0.0,0.0,0.0
1195,0.0,0.0,0.0,0.0,0.0,0.0,0.0,0.0,0.0
1196,0.0,0.0,0.0,0.0,0.0,0.0,0.0,0.0,0.0
1197,0.0,0.0,0.0,0.0,0.0,0.0,0.0,0.0,0.0
1198,0.0,0.0,0.0,0.0,0.0,0.0,0.0,0.0,0.0
1199,0.0,0.0,0.0,0.0,0.0,0.0,0.0,0.0,0.0
1200,0.0,0.0,0.0,0.0,0.0,0.0,0.0,0.0,0.0
1201,0.0,0.0,0.0,0.0,0.0,0.0,0.0,0.0,0.0
1202,0.0,0.0,0.0,0.0,0.0,0.0,0.0,0.0,0.0
1203,0.0,0.0,0.0,0.0,0.0,0.0,0.0,0.0,0.0
1204,0.0,0.0,0.0,0.0,0.0,0.0,0.0,0.0,0.0
1205,0.0,0.0,0.0,0.0,0.0,0.0,0.0,0.0,0.0
1206,0.0,0.0,0.0,0.0,0.0,0.0,0.0,0.0,0.0
1207,0.0,0.0,0.0,0.0,0.0,0.0,0.0,0.0,0.0
1208,0.0,0.0,0.0,0.0,0.0,0.0,0.0,0.0,0.0
1209,0.0,0.0,0.0,0.0,0.0,0.0,0.0,0.0,0.0
1210,0.0,0.0,0.0,0.0,0.0,0.0,0.0,0.0,0.0
1211,0.0,0.0,0.0,0.0,0.0,0.0,0.0,0.0,0.0
1212,0.0,0.0,0.0,0.0,0.0,0.0,0.0,0.0,0.0
1213,0.0,0.0,0.0,0.0,0.0,0.0,0.0,0.0,0.0
1214,0.0,0.0,0.0,0.0,0.0,0.0,0.0,0.0,0.0
1215,0.0,0.0,0.0,0.0,0.0,0.0,0.0,0.0,0.0
1216,0.0,0.0,0.0,0.0,0.0,0.0,0.0,0.0,0.0
1217,0.0,0.0,0.0,0.0,0.0,0.0,0.0,0.0,0.0
1218,0.0,0.0,0.0,0.0,0.0,0.0,0.0,0.0,0.0
1219,0.0,0.0,0.0,0.0,0.0,0.0,0.0,0.0,0.0
1220,0.0,0.0,0.0,0.0,0.0,0.0,0.0,0.0,0.0
1221,0.0,0.0,0.0,0.0,0.0,0.0,0.0,0.0,0.0
1222,0.0,0.0,0.0,0.0,0.0,0.0,0.0,0.0,0.0
1223,0.0,0.0,0.0,0.0,0.0,0.0,0.0,0.0,0.0
1224,0.0,0.0,0.0,0.0,0.0,0.0,0.0,0.0,0.0
1225,0.0,0.0,0.0,0.0,0.0,0.0,0.0,0.0,0.0
1226,0.0,0.0,0.0,0.0,0.0,0.0,0.0,0.0,0.0
1227,0.0,0.0,0.0,0.0,0.0,0.0,0.0,0.0,0.0
1228,0.0,0.0,0.0,0.0,0.0,0.0,0.0,0.0,0.0
1229,0.0,0.0,0.0,0.0,0.0,0.0,0.0,0.0,0.0
1230,0.0,0.0,0.0,0.0,0.0,0.0,0.0,0.0,0.0
1231,0.0,0.0,0.0,0.0,0.0,0.0,0.0,0.0,0.0
1232,0.0,0.0,0.0,0.0,0.0,0.0,0.0,0.0,0.0
1233,0.0,0.0,0.0,0.0,0.0,0.0,0.0,0.0,0.0
1234,0.0,0.0,0.0,0.0,0.0,0.0,0.0,0.0,0.0
1235,0.0,0.0,0.0,0.0,0.0,0.0,0.0,0.0,0.0
1236,0.0,0.0,0.0,0.0,0.0,0.0,0.0,0.0,0.0
1237,0.0,0.0,0.0,0.0,0.0,0.0,0.0,0.0,0.0
1238,0.0,0.0,0.0,0.0,0.0,0.0,0.0,0.0,0.0
1239,0.0,0.0,0.0,0.0,0.0,0.0,0.0,0.0,0.0
1240,0.0,0.0,0.0,0.0,0.0,0.0,0.0,0.0,0.0
1241,0.0,0.0,0.0,0.0,0.0,0.0,0.0,0.0,0.0
1242,0.0,0.0,0.0,0.0,0.0,0.0,0.0,0.0,0.0
1243,0.0,0.0,0.0,0.0,0.0,0.0,0.0,0.0,0.0
1244,0.0,0.0,0.0,0.0,0.0,0.0,0.0,0.0,0.0
1245,0.0,0.0,0.0,0.0,0.0,0.0,0.0,0.0,0.0
1246,0.0,0.0,0.0,0.0,0.0,0.0,0.0,0.0,0.0
1247,0.0,0.0,0.0,0.0,0.0,0.0,0.0,0.0,0.0
1248,0.0,0.0,0.0,0.0,0.0,0.0,0.0,0.0,0.0
1249,0.0,0.0,0.0,0.0,0.0,0.0,0.0,0.0,0.0
1250,0.0,0.0,0.0,0.0,0.0,0.0,0.0,0.0,0.0
1251,0.0,0.0,0.0,0.0,0.0,0.0,0.0,0.0,0.0
1252,0.0,0.0,0.0,0.0,0.0,0.0,0.0,0.0,0.0
1253,0.0,0.0,0.0,0.0,0.0,0.0,0.0,0.0,0.0
1254,0.0,0.0,0.0,0.0,0.0,0.0,0.0,0.0,0.0
1255,0.0,0.0,0.0,0.0,0.0,0.0,0.0,0.0,0.0
1256,0.0,0.0,0.0,0.0,0.0,0.0,0.0,0.0,0.0
1257,0.0,0.0,0.0,0.0,0.0,0.0,0.0,0.0,0.0
1258,0.0,0.0,0.0,0.0,0.0,0.0,0.0,0.0,0.0
1259,0.0,0.0,0.0,0.0,0.0,0.0,0.0,0.0,0.0
1260,0.0,0.0,0.0,0.0,0.0,0.0,0.0,0.0,0.0
1261,0.0,0.0,0.0,0.0,0.0,0.0,0.0,0.0,0.0
1262,0.0,0.0,0.0,0.0,0.0,0.0,0.0,0.0,0.0
1263,0.0,0.0,0.0,0.0,0.0,0.0,0.0,0.0,0.0
1264,0.0,0.0,0.0,0.0,0.0,0.0,0.0,0.0,0.0
1265,0.0,0.0,0.0,0.0,0.0,0.0,0.0,0.0,0.0
1266,0.0,0.0,0.0,0.0,0.0,0.0,0.0,0.0,0.0
1267,0.0,0.0,0.0,0.0,0.0,0.0,0.0,0.0,0.0
1268,0.0,0.0,0.0,0.0,0.0,0.0,0.0,0.0,0.0
1269,0.0,0.0,0.0,0.0,0.0,0.0,0.0,0.0,0.0
1270,0.0,0.0,0.0,0.0,0.0,0.0,0.0,0.0,0.0
1271,0.0,0.0,0.0,0.0,0.0,0.0,0.0,0.0,0.0
1272,0.0,0.0,0.0,0.0,0.0,0.0,0.0,0.0,0.0
1273,0.0,0.0,0.0,0.0,0.0,0.0,0.0,0.0,0.0
1274,0.0,0.0,0.0,0.0,0.0,0.0,0.0,0.0,0.0
1275,0.0,0.0,0.0,0.0,0.0,0.0,0.0,0.0,0.0
1276,0.0,0.0,0.0,0.0,0.0,0.0,0.0,0.0,0.0
1277,0.0,0.0,0.0,0.0,0.0,0.0,0.0,0.0,0.0
1278,0.0,0.0,0.0,0.0,0.0,0.0,0.0,0.0,0.0
1279,0.0,0.0,0.0,0.0,0.0,0.0,0.0,0.0,0.0
1280,0.0,0.0,0.0,0.0,0.0,0.0,0.0,0.0,0.0
1281,0.0,0.0,0.0,0.0,0.0,0.0,0.0,0.0,0.0
1282,0.0,0.0,0.0,0.0,0.0,0.0,0.0,0.0,0.0
1283,0.0,0.0,0.0,0.0,0.0,0.0,0.0,0.0,0.0
1284,0.0,0.0,0.0,0.0,0.0,0.0,0.0,0.0,0.0
1285,0.0,0.0,0.0,0.0,0.0,0.0,0.0,0.0,0.0
1286,0.0,0.0,0.0,0.0,0.0,0.0,0.0,0.0,0.0
1287,0.0,0.0,0.0,0.0,0.0,0.0,0.0,0.0,0.0
1288,0.0,0.0,0.0,0.0,0.0,0.0,0.0,0.0,0.0
1289,0.0,0.0,0.0,0.0,0.0,0.0,0.0,0.0,0.0
1290,0.0,0.0,0.0,0.0,0.0,0.0,0.0,0.0,0.0
1291,0.0,0.0,0.0,0.0,0.0,0.0,0.0,0.0,0.0
1292,0.0,0.0,0.0,0.0,0.0,0.0,0.0,0.0,0.0
1293,0.0,0.0,0.0,0.0,0.0,0.0,0.0,0.0,0.0
1294,0.0,0.0,0.0,0.0,0.0,0.0,0.0,0.0,0.0
1295,0.0,0.0,0.0,0.0,0.0,0.0,0.0,0.0,0.0
1296,0.0,0.0,0.0,0.0,0.0,0.0,0.0,0.0,0.0
1297,0.0,0.0,0.0,0.0,0.0,0.0,0.0,0.0,0.0
1298,0.0,0.0,0.0,0.0,0.0,0.0,0.0,0.0,0.0
1299,0.0,0.0,0.0,0.0,0.0,0.0,0.0,0.0,0.0
1300,0.0,0.0,0.0,0.0,0.0,0.0,0.0,0.0,0.0
1301,0.0,0.0,0.0,0.0,0.0,0.0,0.0,0.0,0.0
1302,0.0,0.0,0.0,0.0,0.0,0.0,0.0,0.0,0.0
1303,0.0,0.0,0.0,0.0,0.0,0.0,0.0,0.0,0.0
1304,0.0,0.0,0.0,0.0,0.0,0.0,0.0,0.0,0.0
1305,0.0,0.0,0.0,0.0,0.0,0.0,0.0,0.0,0.0
1306,0.0,0.0,0.0,0.0,0.0,0.0,0.0,0.0,0.0
1307,0.0,0.0,0.0,0.0,0.0,0.0,0.0,0.0,0.0
1308,0.0,0.0,0.0,0.0,0.0,0.0,0.0,0.0,0.0
1309,0.0,0.0,0.0,0.0,0.0,0.0,0.0,0.0,0.0
1310,0.0,0.0,0.0,0.0,0.0,0.0,0.0,0.0,0.0
1311,0.0,0.0,0.0,0.0,0.0,0.0,0.0,0.0,0.0
1312,0.0,0.0,0.0,0.0,0.0,0.0,0.0,0.0,0.0
1313,0.0,0.0,0.0,0.0,0.0,0.0,0.0,0.0,0.0
1314,0.0,0.0,0.0,0.0,0.0,0.0,0.0,0.0,0.0
1315,0.0,0.0,0.0,0.0,0.0,0.0,0.0,0.0,0.0
1316,0.0,0.0,0.0,0.0,0.0,0.0,0.0,0.0,0.0
1317,0.0,0.0,0.0,0.0,0.0,0.0,0.0,0.0,0.0
1318,0.0,0.0,0.0,0.0,0.0,0.0,0.0,0.0,0.0
1319,0.0,0.0,0.0,0.0,0.0,0.0,0.0,0.0,0.0
1320,0.0,0.0,0.0,0.0,0.0,0.0,0.0,0.0,0.0
1321,0.0,0.0,0.0,0.0,0.0,0.0,0.0,0.0,0.0
1322,0.0,0.0,0.0,0.0,0.0,0.0,0.0,0.0,0.0
1323,0.0,0.0,0.0,0.0,0.0,0.0,0.0,0.0,0.0
1324,0.0,0.0,0.0,0.0,0.0,0.0,0.0,0.0,0.0
1325,0.0,0.0,0.0,0.0,0.0,0.0,0.0,0.0,0.0
1326,0.0,0.0,0.0,0.0,0.0,0.0,0.0,0.0,0.0
1327,0.0,0.0,0.0,0.0,0.0,0.0,0.0,0.0,0.0
1328,0.0,0.0,0.0,0.0,0.0,0.0,0.0,0.0,0.0
1329,0.0,0.0,0.0,0.0,0.0,0.0,0.0,0.0,0.0
1330,0.0,0.0,0.0,0.0,0.0,0.0,0.0,0.0,0.0
1331,0.0,0.0,0.0,0.0,0.0,0.0,0.0,0.0,0.0
1332,0.0,0.0,0.0,0.0,0.0,0.0,0.0,0.0,0.0
1333,0.0,0.0,0.0,0.0,0.0,0.0,0.0,0.0,0.0
1334,0.0,0.0,0.0,0.0,0.0,0.0,0.0,0.0,0.0
1335,0.0,0.0,0.0,0.0,0.0,0.0,0.0,0.0,0.0
1336,0.0,0.0,0.0,0.0,0.0,0.0,0.0,0.0,0.0
1337,0.0,0.0,0.0,0.0,0.0,0.0,0.0,0.0,0.0
1338,0.0,0.0,0.0,0.0,0.0,0.0,0.0,0.0,0.0
1339,0.0,0.0,0.0,0.0,0.0,0.0,0.0,0.0,0.0
1340,0.0,0.0,0.0,0.0,0.0,0.0,0.0,0.0,0.0
1341,0.0,0.0,0.0,0.0,0.0,0.0,0.0,0.0,0.0
1342,0.0,0.0,0.0,0.0,0.0,0.0,0.0,0.0,0.0
1343,0.0,0.0,0.0,0.0,0.0,0.0,0.0,0.0,0.0
1344,0.0,0.0,0.0,0.0,0.0,0.0,0.0,0.0,0.0
1345,0.0,0.0,0.0,0.0,0.0,0.0,0.0,0.0,0.0
1346,0.0,0.0,0.0,0.0,0.0,0.0,0.0,0.0,0.0
1347,0.0,0.0,0.0,0.0,0.0,0.0,0.0,0.0,0.0
1348,0.0,0.0,0.0,0.0,0.0,0.0,0.0,0.0,0.0
1349,0.0,0.0,0.0,0.0,0.0,0.0,0.0,0.0,0.0
1350,0.0,0.0,0.0,0.0,0.0,0.0,0.0,0.0,0.0
1351,0.0,0.0,0.0,0.0,0.0,0.0,0.0,0.0,0.0
1352,0.0,0.0,0.0,0.0,0.0,0.0,0.0,0.0,0.0
1353,0.0,0.0,0.0,0.0,0.0,0.0,0.0,0.0,0.0
1354,0.0,0.0,0.0,0.0,0.0,0.0,0.0,0.0,0.0
1355,0.0,0.0,0.0,0.0,0.0,0.0,0.0,0.0,0.0
1356,0.0,0.0,0.0,0.0,0.0,0.0,0.0,0.0,0.0
1357,0.0,0.0,0.0,0.0,0.0,0.0,0.0,0.0,0.0
1358,0.0,0.0,0.0,0.0,0.0,0.0,0.0,0.0,0.0
1359,0.0,0.0,0.0,0.0,0.0,0.0,0.0,0.0,0.0
1360,0.0,0.0,0.0,0.0,0.0,0.0,0.0,0.0,0.0
1361,0.0,0.0,0.0,0.0,0.0,0.0,0.0,0.0,0.0
1362,0.0,0.0,0.0,0.0,0.0,0.0,0.0,0.0,0.0
1363,0.0,0.0,0.0,0.0,0.0,0.0,0.0,0.0,0.0
1364,0.0,0.0,0.0,0.0,0.0,0.0,0.0,0.0,0.0
1365,0.0,0.0,0.0,0.0,0.0,0.0,0.0,0.0,0.0
1366,0.0,0.0,0.0,0.0,0.0,0.0,0.0,0.0,0.0
1367,0.0,0.0,0.0,0.0,0.0,0.0,0.0,0.0,0.0
1368,0.0,0.0,0.0,0.0,0.0,0.0,0.0,0.0,0.0
1369,0.0,0.0,0.0,0.0,0.0,0.0,0.0,0.0,0.0
1370,0.0,0.0,0.0,0.0,0.0,0.0,0.0,0.0,0.0
1371,0.0,0.0,0.0,0.0,0.0,0.0,0.0,0.0,0.0
1372,0.0,0.0,0.0,0.0,0.0,0.0,0.0,0.0,0.0
1373,0.0,0.0,0.0,0.0,0.0,0.0,0.0,0.0,0.0
1374,0.0,0.0,0.0,0.0,0.0,0.0,0.0,0.0,0.0
1375,0.0,0.0,0.0,0.0,0.0,0.0,0.0,0.0,0.0
1376,0.0,0.0,0.0,0.0,0.0,0.0,0.0,0.0,0.0
1377,0.0,0.0,0.0,0.0,0.0,0.0,0.0,0.0,0.0
1378,0.0,0.0,0.0,0.0,0.0,0.0,0.0,0.0,0.0
1379,0.0,0.0,0.0,0.0,0.0,0.0,0.0,0.0,0.0
1380,0.0,0.0,0.0,0.0,0.0,0.0,0.0,0.0,0.0
1381,0.0,0.0,0.0,0.0,0.0,0.0,0.0,0.0,0.0
1382,0.0,0.0,0.0,0.0,0.0,0.0,0.0,0.0,0.0
1383,0.0,0.0,0.0,0.0,0.0,0.0,0.0,0.0,0.0
1384,0.0,0.0,0.0,0.0,0.0,0.0,0.0,0.0,0.0
1385,0.0,0.0,0.0,0.0,0.0,0.0,0.0,0.0,0.0
1386,0.0,0.0,0.0,0.0,0.0,0.0,0.0,0.0,0.0
1387,0.0,0.0,0.0,0.0,0.0,0.0,0.0,0.0,0.0
1388,0.0,0.0,0.0,0.0,0.0,0.0,0.0,0.0,0.0
1389,0.0,0.0,0.0,0.0,0.0,0.0,0.0,0.0,0.0
1390,0.0,0.0,0.0,0.0,0.0,0.0,0.0,0.0,0.0
1391,0.0,0.0,0.0,0.0,0.0,0.0,0.0,0.0,0.0
1392,0.0,0.0,0.0,0.0,0.0,0.0,0.0,0.0,0.0
1393,0.0,0.0,0.0,0.0,0.0,0.0,0.0,0.0,0.0
1394,0.0,0.0,0.0,0.0,0.0,0.0,0.0,0.0,0.0
1395,0.0,0.0,0.0,0.0,0.0,0.0,0.0,0.0,0.0
1396,0.0,0.0,0.0,0.0,0.0,0.0,0.0,0.0,0.0
1397,0.0,0.0,0.0,0.0,0.0,0.0,0.0,0.0,0.0
1398,0.0,0.0,0.0,0.0,0.0,0.0,0.0,0.0,0.0
1399,0.0,0.0,0.0,0.0,0.0,0.0,0.0,0.0,0.0
1400,0.0,0.0,0.0,0.0,0.0,0.0,0.0,0.0,0.0
1401,0.0,0.0,0.0,0.0,0.0,0.0,0.0,0.0,0.0
1402,0.0,0.0,0.0,0.0,0.0,0.0,0.0,0.0,0.0
1403,0.0,0.0,0.0,0.0,0.0,0.0,0.0,0.0,0.0
1404,0.0,0.0,0.0,0.0,0.0,0.0,0.0,0.0,0.0
1405,0.0,0.0,0.0,0.0,0.0,0.0,0.0,0.0,0.0
1406,0.0,0.0,0.0,0.0,0.0,0.0,0.0,0.0,0.0
1407,0.0,0.0,0.0,0.0,0.0,0.0,0.0,0.0,0.0
1408,0.0,0.0,0.0,0.0,0.0,0.0,0.0,0.0,0.0
1409,0.0,0.0,0.0,0.0,0.0,0.0,0.0,0.0,0.0
1410,0.0,0.0,0.0,0.0,0.0,0.0,0.0,0.0,0.0
1411,0.0,0.0,0.0,0.0,0.0,0.0,0.0,0.0,0.0
1412,0.0,0.0,0.0,0.0,0.0,0.0,0.0,0.0,0.0
1413,0.0,0.0,0.0,0.0,0.0,0.0,0.0,0.0,0.0
1414,0.0,0.0,0.0,0.0,0.0,0.0,0.0,0.0,0.0
1415,0.0,0.0,0.0,0.0,0.0,0.0,0.0,0.0,0.0
1416,0.0,0.0,0.0,0.0,0.0,0.0,0.0,0.0,0.0
1417,0.0,0.0,0.0,0.0,0.0,0.0,0.0,0.0,0.0
1418,0.0,0.0,0.0,0.0,0.0,0.0,0.0,0.0,0.0
1419,0.0,0.0,0.0,0.0,0.0,0.0,0.0,0.0,0.0
1420,0.0,0.0,0.0,0.0,0.0,0.0,0.0,0.0,0.0
1421,0.0,0.0,0.0,0.0,0.0,0.0,0.0,0.0,0.0
1422,0.0,0.0,0.0,0.0,0.0,0.0,0.0,0.0,0.0
1423,0.0,0.0,0.0,0.0,0.0,0.0,0.0,0.0,0.0
1424,0.0,0.0,0.0,0.0,0.0,0.0,0.0,0.0,0.0
1425,0.0,0.0,0.0,0.0,0.0,0.0,0.0,0.0,0.0
1426,0.0,0.0,0.0,0.0,0.0,0.0,0.0,0.0,0.0
1427,0.0,0.0,0.0,0.0,0.0,0.0,0.0,0.0,0.0
1428,0.0,0.0,0.0,0.0,0.0,0.0,0.0,0.0,0.0
1429,0.0,0.0,0.0,0.0,0.0,0.0,0.0,0.0,0.0
1430,0.0,0.0,0.0,0.0,0.0,0.0,0.0,0.0,0.0
1431,0.0,0.0,0.0,0.0,0.0,0.0,0.0,0.0,0.0
1432,0.0,0.0,0.0,0.0,0.0,0.0,0.0,0.0,0.0
1433,0.0,0.0,0.0,0.0,0.0,0.0,0.0,0.0,0.0
1434,0.0,0.0,0.0,0.0,0.0,0.0,0.0,0.0,0.0
1435,0.0,0.0,0.0,0.0,0.0,0.0,0.0,0.0,0.0
1436,0.0,0.0,0.0,0.0,0.0,0.0,0.0,0.0,0.0
1437,0.0,0.0,0.0,0.0,0.0,0.0,0.0,0.0,0.0
1438,0.0,0.0,0.0,0.0,0.0,0.0,0.0,0.0,0.0
1439,0.0,0.0,0.0,0.0,0.0,0.0,0.0,0.0,0.0
1440,0.0,0.0,0.0,0.0,0.0,0.0,0.0,0.0,0.0
1441,0.0,0.0,0.0,0.0,0.0,0.0,0.0,0.0,0.0
1442,0.0,0.0,0.0,0.0,0.0,0.0,0.0,0.0,0.0
1443,0.0,0.0,0.0,0.0,0.0,0.0,0.0,0.0,0.0
1444,0.0,0.0,0.0,0.0,0.0,0.0,0.0,0.0,0.0
1445,0.0,0.0,0.0,0.0,0.0,0.0,0.0,0.0,0.0
1446,0.0,0.0,0.0,0.0,0.0,0.0,0.0,0.0,0.0
1447,0.0,0.0,0.0,0.0,0.0,0.0,0.0,0.0,0.0
1448,0.0,0.0,0.0,0.0,0.0,0.0,0.0,0.0,0.0
1449,0.0,0.0,0.0,0.0,0.0,0.0,0.0,0.0,0.0
1450,0.0,0.0,0.0,0.0,0.0,0.0,0.0,0.0,0.0
1451,0.0,0.0,0.0,0.0,0.0,0.0,0.0,0.0,0.0
1452,0.0,0.0,0.0,0.0,0.0,0.0,0.0,0.0,0.0
1453,0.0,0.0,0.0,0.0,0.0,0.0,0.0,0.0,0.0
1454,0.0,0.0,0.0,0.0,0.0,0.0,0.0,0.0,0.0
1455,0.0,0.0,0.0,0.0,0.0,0.0,0.0,0.0,0.0
1456,0.0,0.0,0.0,0.0,0.0,0.0,0.0,0.0,0.0
1457,0.0,0.0,0.0,0.0,0.0,0.0,0.0,0.0,0.0
1458,0.0,0.0,0.0,0.0,0.0,0.0,0.0,0.0,0.0
1459,0.0,0.0,0.0,0.0,0.0,0.0,0.0,0.0,0.0
1460,0.0,0.0,0.0,0.0,0.0,0.0,0.0,0.0,0.0
1461,0.0,0.0,0.0,0.0,0.0,0.0,0.0,0.0,0.0
1462,0.0,0.0,0.0,0.0,0.0,0.0,0.0,0.0,0.0
1463,0.0,0.0,0.0,0.0,0.0,0.0,0.0,0.0,0.0
1464,0.0,0.0,0.0,0.0,0.0,0.0,0.0,0.0,0.0
1465,0.0,0.0,0.0,0.0,0.0,0.0,0.0,0.0,0.0
1466,0.0,0.0,0.0,0.0,0.0,0.0,0.0,0.0,0.0
1467,0.0,0.0,0.0,0.0,0.0,0.0,0.0,0.0,0.0
1468,0.0,0.0,0.0,0.0,0.0,0.0,0.0,0.0,0.0
1469,0.0,0.0,0.0,0.0,0.0,0.0,0.0,0.0,0.0
1470,0.0,0.0,0.0,0.0,0.0,0.0,0.0,0.0,0.0
1471,0.0,0.0,0.0,0.0,0.0,0.0,0.0,0.0,0.0
1472,0.0,0.0,0.0,0.0,0.0,0.0,0.0,0.0,0.0
1473,0.0,0.0,0.0,0.0,0.0,0.0,0.0,0.0,0.0
1474,0.0,0.0,0.0,0.0,0.0,0.0,0.0,0.0,0.0
1475,0.0,0.0,0.0,0.0,0.0,0.0,0.0,0.0,0.0
1476,0.0,0.0,0.0,0.0,0.0,0.0,0.0,0.0,0.0
1477,0.0,0.0,0.0,0.0,0.0,0.0,0.0,0.0,0.0
1478,0.0,0.0,0.0,0.0,0.0,0.0,0.0,0.0,0.0
1479,0.0,0.0,0.0,0.0,0.0,0.0,0.0,0.0,0.0
1480,0.0,0.0,0.0,0.0,0.0,0.0,0.0,0.0,0.0
1481,0.0,0.0,0.0,0.0,0.0,0.0,0.0,0.0,0.0
1482,0.0,0.0,0.0,0.0,0.0,0.0,0.0,0.0,0.0
1483,0.0,0.0,0.0,0.0,0.0,0.0,0.0,0.0,0.0
1484,0.0,0.0,0.0,0.0,0.0,0.0,0.0,0.0,0.0
1485,0.0,0.0,0.0,0.0,0.0,0.0,0.0,0.0,0.0
1486,0.0,0.0,0.0,0.0,0.0,0.0,0.0,0.0,0.0
1487,0.0,0.0,0.0,0.0,0.0,0.0,0.0,0.0,0.0
1488,0.0,0.0,0.0,0.0,0.0,0.0,0.0,0.0,0.0
1489,0.0,0.0,0.0,0.0,0.0,0.0,0.0,0.0,0.0
1490,0.0,0.0,0.0,0.0,0.0,0.0,0.0,0.0,0.0
1491,0.0,0.0,0.0,0.0,0.0,0.0,0.0,0.0,0.0
1492,0.0,0.0,0.0,0.0,0.0,0.0,0.0,0.0,0.0
1493,0.0,0.0,0.0,0.0,0.0,0.0,0.0,0.0,0.0
1494,0.0,0.0,0.0,0.0,0.0,0.0,0.0,0.0,0.0
1495,0.0,0.0,0.0,0.0,0.0,0.0,0.0,0.0,0.0
1496,0.0,0.0,0.0,0.0,0.0,0.0,0.0,0.0,0.0
1497,0.0,0.0,0.0,0.0,0.0,0.0,0.0,0.0,0.0
1498,0.0,0.0,0.0,0.0,0.0,0.0,0.0,0.0,0.0
1499,0.0,0.0,0.0,0.0,0.0,0.0,0.0,0.0,0.0
1500,0.0,0.0,0.0,0.0,0.0,0.0,0.0,0.0,0.0
1501,0.0,0.0,0.0,0.0,0.0,0.0,0.0,0.0,0.0
1502,0.0,0.0,0.0,0.0,0.0,0.0,0.0,0.0,0.0
1503,0.0,0.0,0.0,0.0,0.0,0.0,0.0,0.0,0.0
1504,0.0,0.0,0.0,0.0,0.0,0.0,0.0,0.0,0.0
1505,0.0,0.0,0.0,0.0,0.0,0.0,0.0,0.0,0.0
1506,0.0,0.0,0.0,0.0,0.0,0.0,0.0,0.0,0.0
1507,0.0,0.0,0.0,0.0,0.0,0.0,0.0,0.0,0.0
1508,0.0,0.0,0.0,0.0,0.0,0.0,0.0,0.0,0.0
1509,0.0,0.0,0.0,0.0,0.0,0.0,0.0,0.0,0.0
1510,0.0,0.0,0.0,0.0,0.0,0.0,0.0,0.0,0.0
1511,0.0,0.0,0.0,0.0,0.0,0.0,0.0,0.0,0.0
1512,0.0,0.0,0.0,0.0,0.0,0.0,0.0,0.0,0.0
1513,0.0,0.0,0.0,0.0,0.0,0.0,0.0,0.0,0.0
1514,0.0,0.0,0.0,0.0,0.0,0.0,0.0,0.0,0.0
1515,0.0,0.0,0.0,0.0,0.0,0.0,0.0,0.0,0.0
1516,0.0,0.0,0.0,0.0,0.0,0.0,0.0,0.0,0.0
1517,0.0,0.0,0.0,0.0,0.0,0.0,0.0,0.0,0.0
1518,0.0,0.0,0.0,0.0,0.0,0.0,0.0,0.0,0.0
1519,0.0,0.0,0.0,0.0,0.0,0.0,0.0,0.0,0.0
1520,0.0,0.0,0.0,0.0,0.0,0.0,0.0,0.0,0.0
1521,0.0,0.0,0.0,0.0,0.0,0.0,0.0,0.0,0.0
1522,0.0,0.0,0.0,0.0,0.0,0.0,0.0,0.0,0.0
1523,0.0,0.0,0.0,0.0,0.0,0.0,0.0,0.0,0.0
1524,0.0,0.0,0.0,0.0,0.0,0.0,0.0,0.0,0.0
1525,0.0,0.0,0.0,0.0,0.0,0.0,0.0,0.0,0.0
1526,0.0,0.0,0.0,0.0,0.0,0.0,0.0,0.0,0.0
1527,0.0,0.0,0.0,0.0,0.0,0.0,0.0,0.0,0.0
1528,0.0,0.0,0.0,0.0,0.0,0.0,0.0,0.0,0.0
1529,0.0,0.0,0.0,0.0,0.0,0.0,0.0,0.0,0.0
1530,0.0,0.0,0.0,0.0,0.0,0.0,0.0,0.0,0.0
1531,0.0,0.0,0.0,0.0,0.0,0.0,0.0,0.0,0.0
1532,0.0,0.0,0.0,0.0,0.0,0.0,0.0,0.0,0.0
1533,0.0,0.0,0.0,0.0,0.0,0.0,0.0,0.0,0.0
1534,0.0,0.0,0.0,0.0,0.0,0.0,0.0,0.0,0.0
1535,0.0,0.0,0.0,0.0,0.0,0.0,0.0,0.0,0.0
1536,0.0,0.0,0.0,0.0,0.0,0.0,0.0,0.0,0.0
1537,0.0,0.0,0.0,0.0,0.0,0.0,0.0,0.0,0.0
1538,0.0,0.0,0.0,0.0,0.0,0.0,0.0,0.0,0.0
1539,0.0,0.0,0.0,0.0,0.0,0.0,0.0,0.0,0.0
1540,0.0,0.0,0.0,0.0,0.0,0.0,0.0,0.0,0.0
1541,0.0,0.0,0.0,0.0,0.0,0.0,0.0,0.0,0.0
1542,0.0,0.0,0.0,0.0,0.0,0.0,0.0,0.0,0.0
1543,0.0,0.0,0.0,0.0,0.0,0.0,0.0,0.0,0.0
1544,0.0,0.0,0.0,0.0,0.0,0.0,0.0,0.0,0.0
1545,0.0,0.0,0.0,0.0,0.0,0.0,0.0,0.0,0.0
1546,0.0,0.0,0.0,0.0,0.0,0.0,0.0,0.0,0.0
1547,0.0,0.0,0.0,0.0,0.0,0.0,0.0,0.0,0.0
1548,0.0,0.0,0.0,0.0,0.0,0.0,0.0,0.0,0.0
1549,0.0,0.0,0.0,0.0,0.0,0.0,0.0,0.0,0.0
1550,0.0,0.0,0.0,0.0,0.0,0.0,0.0,0.0,0.0
1551,0.0,0.0,0.0,0.0,0.0,0.0,0.0,0.0,0.0
1552,0.0,0.0,0.0,0.0,0.0,0.0,0.0,0.0,0.0
1553,0.0,0.0,0.0,0.0,0.0,0.0,0.0,0.0,0.0
1554,0.0,0.0,0.0,0.0,0.0,0.0,0.0,0.0,0.0
1555,0.0,0.0,0.0,0.0,0.0,0.0,0.0,0.0,0.0
1556,0.0,0.0,0.0,0.0,0.0,0.0,0.0,0.0,0.0
1557,0.0,0.0,0.0,0.0,0.0,0.0,0.0,0.0,0.0
1558,0.0,0.0,0.0,0.0,0.0,0.0,0.0,0.0,0.0
1559,0.0,0.0,0.0,0.0,0.0,0.0,0.0,0.0,0.0
1560,0.0,0.0,0.0,0.0,0.0,0.0,0.0,0.0,0.0
1561,0.0,0.0,0.0,0.0,0.0,0.0,0.0,0.0,0.0
1562,0.0,0.0,0.0,0.0,0.0,0.0,0.0,0.0,0.0
1563,0.0,0.0,0.0,0.0,0.0,0.0,0.0,0.0,0.0
1564,0.0,0.0,0.0,0.0,0.0,0.0,0.0,0.0,0.0
1565,0.0,0.0,0.0,0.0,0.0,0.0,0.0,0.0,0.0
1566,0.0,0.0,0.0,0.0,0.0,0.0,0.0,0.0,0.0
1567,0.0,0.0,0.0,0.0,0.0,0.0,0.0,0.0,0.0
1568,0.0,0.0,0.0,0.0,0.0,0.0,0.0,0.0,0.0
1569,0.0,0.0,0.0,0.0,0.0,0.0,0.0,0.0,0.0
1570,0.0,0.0,0.0,0.0,0.0,0.0,0.0,0.0,0.0
1571,0.0,0.0,0.0,0.0,0.0,0.0,0.0,0.0,0.0
1572,0.0,0.0,0.0,0.0,0.0,0.0,0.0,0.0,0.0
1573,0.0,0.0,0.0,0.0,0.0,0.0,0.0,0.0,0.0
1574,0.0,0.0,0.0,0.0,0.0,0.0,0.0,0.0,0.0
1575,0.0,0.0,0.0,0.0,0.0,0.0,0.0,0.0,0.0
1576,0.0,0.0,0.0,0.0,0.0,0.0,0.0,0.0,0.0
1577,0.0,0.0,0.0,0.0,0.0,0.0,0.0,0.0,0.0
1578,0.0,0.0,0.0,0.0,0.0,0.0,0.0,0.0,0.0
1579,0.0,0.0,0.0,0.0,0.0,0.0,0.0,0.0,0.0
1580,0.0,0.0,0.0,0.0,0.0,0.0,0.0,0.0,0.0
1581,0.0,0.0,0.0,0.0,0.0,0.0,0.0,0.0,0.0
1582,0.0,0.0,0.0,0.0,0.0,0.0,0.0,0.0,0.0
1583,0.0,0.0,0.0,0.0,0.0,0.0,0.0,0.0,0.0
1584,0.0,0.0,0.0,0.0,0.0,0.0,0.0,0.0,0.0
1585,0.0,0.0,0.0,0.0,0.0,0.0,0.0,0.0,0.0
1586,0.0,0.0,0.0,0.0,0.0,0.0,0.0,0.0,0.0
1587,0.0,0.0,0.0,0.0,0.0,0.0,0.0,0.0,0.0
1588,0.0,0.0,0.0,0.0,0.0,0.0,0.0,0.0,0.0
1589,0.0,0.0,0.0,0.0,0.0,0.0,0.0,0.0,0.0
1590,0.0,0.0,0.0,0.0,0.0,0.0,0.0,0.0,0.0
1591,0.0,0.0,0.0,0.0,0.0,0.0,0.0,0.0,0.0
1592,0.0,0.0,0.0,0.0,0.0,0.0,0.0,0.0,0.0
1593,0.0,0.0,0.0,0.0,0.0,0.0,0.0,0.0,0.0
1594,0.0,0.0,0.0,0.0,0.0,0.0,0.0,0.0,0.0
1595,0.0,0.0,0.0,0.0,0.0,0.0,0.0,0.0,0.0
1596,0.0,0.0,0.0,0.0,0.0,0.0,0.0,0.0,0.0
1597,0.0,0.0,0.0,0.0,0.0,0.0,0.0,0.0,0.0
1598,0.0,0.0,0.0,0.0,0.0,0.0,0.0,0.0,0.0
1599,0.0,0.0,0.0,0.0,0.0,0.0,0.0,0.0,0.0
1600,0.0,0.0,0.0,0.0,0.0,0.0,0.0,0.0,0.0
1601,0.0,0.0,0.0,0.0,0.0,0.0,0.0,0.0,0.0
1602,0.0,0.0,0.0,0.0,0.0,0.0,0.0,0.0,0.0
1603,0.0,0.0,0.0,0.0,0.0,0.0,0.0,0.0,0.0
1604,0.0,0.0,0.0,0.0,0.0,0.0,0.0,0.0,0.0
1605,0.0,0.0,0.0,0.0,0.0,0.0,0.0,0.0,0.0
1606,0.0,0.0,0.0,0.0,0.0,0.0,0.0,0.0,0.0
1607,0.0,0.0,0.0,0.0,0.0,0.0,0.0,0.0,0.0
1608,0.0,0.0,0.0,0.0,0.0,0.0,0.0,0.0,0.0
1609,0.0,0.0,0.0,0.0,0.0,0.0,0.0,0.0,0.0
1610,0.0,0.0,0.0,0.0,0.0,0.0,0.0,0.0,0.0
1611,0.0,0.0,0.0,0.0,0.0,0.0,0.0,0.0,0.0
1612,0.0,0.0,0.0,0.0,0.0,0.0,0.0,0.0,0.0
1613,0.0,0.0,0.0,0.0,0.0,0.0,0.0,0.0,0.0
1614,0.0,0.0,0.0,0.0,0.0,0.0,0.0,0.0,0.0
1615,0.0,0.0,0.0,0.0,0.0,0.0,0.0,0.0,0.0
1616,0.0,0.0,0.0,0.0,0.0,0.0,0.0,0.0,0.0
1617,0.0,0.0,0.0,0.0,0.0,0.0,0.0,0.0,0.0
1618,0.0,0.0,0.0,0.0,0.0,0.0,0.0,0.0,0.0
1619,0.0,0.0,0.0,0.0,0.0,0.0,0.0,0.0,0.0
1620,0.0,0.0,0.0,0.0,0.0,0.0,0.0,0.0,0.0
1621,0.0,0.0,0.0,0.0,0.0,0.0,0.0,0.0,0.0
1622,0.0,0.0,0.0,0.0,0.0,0.0,0.0,0.0,0.0
1623,0.0,0.0,0.0,0.0,0.0,0.0,0.0,0.0,0.0
1624,0.0,0.0,0.0,0.0,0.0,0.0,0.0,0.0,0.0
1625,0.0,0.0,0.0,0.0,0.0,0.0,0.0,0.0,0.0
1626,0.0,0.0,0.0,0.0,0.0,0.0,0.0,0.0,0.0
1627,0.0,0.0,0.0,0.0,0.0,0.0,0.0,0.0,0.0
1628,0.0,0.0,0.0,0.0,0.0,0.0,0.0,0.0,0.0
1629,0.0,0.0,0.0,0.0,0.0,0.0,0.0,0.0,0.0
1630,0.0,0.0,0.0,0.0,0.0,0.0,0.0,0.0,0.0
1631,0.0,0.0,0.0,0.0,0.0,0.0,0.0,0.0,0.0
1632,0.0,0.0,0.0,0.0,0.0,0.0,0.0,0.0,0.0
1633,0.0,0.0,0.0,0.0,0.0,0.0,0.0,0.0,0.0
1634,0.0,0.0,0.0,0.0,0.0,0.0,0.0,0.0,0.0
1635,0.0,0.0,0.0,0.0,0.0,0.0,0.0,0.0,0.0
1636,0.0,0.0,0.0,0.0,0.0,0.0,0.0,0.0,0.0
1637,0.0,0.0,0.0,0.0,0.0,0.0,0.0,0.0,0.0
1638,0.0,0.0,0.0,0.0,0.0,0.0,0.0,0.0,0.0
1639,0.0,0.0,0.0,0.0,0.0,0.0,0.0,0.0,0.0
1640,0.0,0.0,0.0,0.0,0.0,0.0,0.0,0.0,0.0
1641,0.0,0.0,0.0,0.0,0.0,0.0,0.0,0.0,0.0
1642,0.0,0.0,0.0,0.0,0.0,0.0,0.0,0.0,0.0
1643,0.0,0.0,0.0,0.0,0.0,0.0,0.0,0.0,0.0
1644,0.0,0.0,0.0,0.0,0.0,0.0,0.0,0.0,0.0
1645,0.0,0.0,0.0,0.0,0.0,0.0,0.0,0.0,0.0
1646,0.0,0.0,0.0,0.0,0.0,0.0,0.0,0.0,0.0
1647,0.0,0.0,0.0,0.0,0.0,0.0,0.0,0.0,0.0
1648,0.0,0.0,0.0,0.0,0.0,0.0,0.0,0.0,0.0
1649,0.0,0.0,0.0,0.0,0.0,0.0,0.0,0.0,0.0
1650,0.0,0.0,0.0,0.0,0.0,0.0,0.0,0.0,0.0
1651,0.0,0.0,0.0,0.0,0.0,0.0,0.0,0.0,0.0
1652,0.0,0.0,0.0,0.0,0.0,0.0,0.0,0.0,0.0
1653,0.0,0.0,0.0,0.0,0.0,0.0,0.0,0.0,0.0
1654,0.0,0.0,0.0,0.0,0.0,0.0,0.0,0.0,0.0
1655,0.0,0.0,0.0,0.0,0.0,0.0,0.0,0.0,0.0
1656,0.0,0.0,0.0,0.0,0.0,0.0,0.0,0.0,0.0
1657,0.0,0.0,0.0,0.0,0.0,0.0,0.0,0.0,0.0
1658,0.0,0.0,0.0,0.0,0.0,0.0,0.0,0.0,0.0
1659,0.0,0.0,0.0,0.0,0.0,0.0,0.0,0.0,0.0
1660,0.0,0.0,0.0,0.0,0.0,0.0,0.0,0.0,0.0
1661,0.0,0.0,0.0,0.0,0.0,0.0,0.0,0.0,0.0
1662,0.0,0.0,0.0,0.0,0.0,0.0,0.0,0.0,0.0
1663,0.0,0.0,0.0,0.0,0.0,0.0,0.0,0.0,0.0
1664,0.0,0.0,0.0,0.0,0.0,0.0,0.0,0.0,0.0
1665,0.0,0.0,0.0,0.0,0.0,0.0,0.0,0.0,0.0
1666,0.0,0.0,0.0,0.0,0.0,0.0,0.0,0.0,0.0
1667,0.0,0.0,0.0,0.0,0.0,0.0,0.0,0.0,0.0
1668,0.0,0.0,0.0,0.0,0.0,0.0,0.0,0.0,0.0
1669,0.0,0.0,0.0,0.0,0.0,0.0,0.0,0.0,0.0
1670,0.0,0.0,0.0,0.0,0.0,0.0,0.0,0.0,0.0
1671,0.0,0.0,0.0,0.0,0.0,0.0,0.0,0.0,0.0
1672,0.0,0.0,0.0,0.0,0.0,0.0,0.0,0.0,0.0
1673,0.0,0.0,0.0,0.0,0.0,0.0,0.0,0.0,0.0
1674,0.0,0.0,0.0,0.0,0.0,0.0,0.0,0.0,0.0
1675,0.0,0.0,0.0,0.0,0.0,0.0,0.0,0.0,0.0
1676,0.0,0.0,0.0,0.0,0.0,0.0,0.0,0.0,0.0
1677,0.0,0.0,0.0,0.0,0.0,0.0,0.0,0.0,0.0
1678,0.0,0.0,0.0,0.0,0.0,0.0,0.0,0.0,0.0
1679,0.0,0.0,0.0,0.0,0.0,0.0,0.0,0.0,0.0
1680,0.0,0.0,0.0,0.0,0.0,0.0,0.0,0.0,0.0
1681,0.0,0.0,0.0,0.0,0.0,0.0,0.0,0.0,0.0
1682,0.0,0.0,0.0,0.0,0.0,0.0,0.0,0.0,0.0
1683,0.0,0.0,0.0,0.0,0.0,0.0,0.0,0.0,0.0
1684,0.0,0.0,0.0,0.0,0.0,0.0,0.0,0.0,0.0
1685,0.0,0.0,0.0,0.0,0.0,0.0,0.0,0.0,0.0
1686,0.0,0.0,0.0,0.0,0.0,0.0,0.0,0.0,0.0
1687,0.0,0.0,0.0,0.0,0.0,0.0,0.0,0.0,0.0
1688,0.0,0.0,0.0,0.0,0.0,0.0,0.0,0.0,0.0
1689,0.0,0.0,0.0,0.0,0.0,0.0,0.0,0.0,0.0
1690,0.0,0.0,0.0,0.0,0.0,0.0,0.0,0.0,0.0
1691,0.0,0.0,0.0,0.0,0.0,0.0,0.0,0.0,0.0
1692,0.0,0.0,0.0,0.0,0.0,0.0,0.0,0.0,0.0
1693,0.0,0.0,0.0,0.0,0.0,0.0,0.0,0.0,0.0
1694,0.0,0.0,0.0,0.0,0.0,0.0,0.0,0.0,0.0
1695,0.0,0.0,0.0,0.0,0.0,0.0,0.0,0.0,0.0
1696,0.0,0.0,0.0,0.0,0.0,0.0,0.0,0.0,0.0
1697,0.0,0.0,0.0,0.0,0.0,0.0,0.0,0.0,0.0
1698,0.0,0.0,0.0,0.0,0.0,0.0,0.0,0.0,0.0
1699,0.0,0.0,0.0,0.0,0.0,0.0,0.0,0.0,0.0
1700,0.0,0.0,0.0,0.0,0.0,0.0,0.0,0.0,0.0
1701,0.0,0.0,0.0,0.0,0.0,0.0,0.0,0.0,0.0
1702,0.0,0.0,0.0,0.0,0.0,0.0,0.0,0.0,0.0
1703,0.0,0.0,0.0,0.0,0.0,0.0,0.0,0.0,0.0
1704,0.0,0.0,0.0,0.0,0.0,0.0,0.0,0.0,0.0
1705,0.0,0.0,0.0,0.0,0.0,0.0,0.0,0.0,0.0
1706,0.0,0.0,0.0,0.0,0.0,0.0,0.0,0.0,0.0
1707,0.0,0.0,0.0,0.0,0.0,0.0,0.0,0.0,0.0
1708,0.0,0.0,0.0,0.0,0.0,0.0,0.0,0.0,0.0
1709,0.0,0.0,0.0,0.0,0.0,0.0,0.0,0.0,0.0
1710,0.0,0.0,0.0,0.0,0.0,0.0,0.0,0.0,0.0
1711,0.0,0.0,0.0,0.0,0.0,0.0,0.0,0.0,0.0
1712,0.0,0.0,0.0,0.0,0.0,0.0,0.0,0.0,0.0
1713,0.0,0.0,0.0,0.0,0.0,0.0,0.0,0.0,0.0
1714,0.0,0.0,0.0,0.0,0.0,0.0,0.0,0.0,0.0
1715,0.0,0.0,0.0,0.0,0.0,0.0,0.0,0.0,0.0
1716,0.0,0.0,0.0,0.0,0.0,0.0,0.0,0.0,0.0
1717,0.0,0.0,0.0,0.0,0.0,0.0,0.0,0.0,0.0
1718,0.0,0.0,0.0,0.0,0.0,0.0,0.0,0.0,0.0
1719,0.0,0.0,0.0,0.0,0.0,0.0,0.0,0.0,0.0
1720,0.0,0.0,0.0,0.0,0.0,0.0,0.0,0.0,0.0
1721,0.0,0.0,0.0,0.0,0.0,0.0,0.0,0.0,0.0
1722,0.0,0.0,0.0,0.0,0.0,0.0,0.0,0.0,0.0
1723,0.0,0.0,0.0,0.0,0.0,0.0,0.0,0.0,0.0
1724,0.0,0.0,0.0,0.0,0.0,0.0,0.0,0.0,0.0
1725,0.0,0.0,0.0,0.0,0.0,0.0,0.0,0.0,0.0
1726,0.0,0.0,0.0,0.0,0.0,0.0,0.0,0.0,0.0
1727,0.0,0.0,0.0,0.0,0.0,0.0,0.0,0.0,0.0
1728,0.0,0.0,0.0,0.0,0.0,0.0,0.0,0.0,0.0
1729,0.0,0.0,0.0,0.0,0.0,0.0,0.0,0.0,0.0
1730,0.0,0.0,0.0,0.0,0.0,0.0,0.0,0.0,0.0
1731,0.0,0.0,0.0,0.0,0.0,0.0,0.0,0.0,0.0
1732,0.0,0.0,0.0,0.0,0.0,0.0,0.0,0.0,0.0
1733,0.0,0.0,0.0,0.0,0.0,0.0,0.0,0.0,0.0
1734,0.0,0.0,0.0,0.0,0.0,0.0,0.0,0.0,0.0
1735,0.0,0.0,0.0,0.0,0.0,0.0,0.0,0.0,0.0
1736,0.0,0.0,0.0,0.0,0.0,0.0,0.0,0.0,0.0
1737,0.0,0.0,0.0,0.0,0.0,0.0,0.0,0.0,0.0
1738,0.0,0.0,0.0,0.0,0.0,0.0,0.0,0.0,0.0
1739,0.0,0.0,0.0,0.0,0.0,0.0,0.0,0.0,0.0
1740,0.0,0.0,0.0,0.0,0.0,0.0,0.0,0.0,0.0
1741,0.0,0.0,0.0,0.0,0.0,0.0,0.0,0.0,0.0
1742,0.0,0.0,0.0,0.0,0.0,0.0,0.0,0.0,0.0
1743,0.0,0.0,0.0,0.0,0.0,0.0,0.0,0.0,0.0
1744,0.0,0.0,0.0,0.0,0.0,0.0,0.0,0.0,0.0
1745,0.0,0.0,0.0,0.0,0.0,0.0,0.0,0.0,0.0
1746,0.0,0.0,0.0,0.0,0.0,0.0,0.0,0.0,0.0
1747,0.0,0.0,0.0,0.0,0.0,0.0,0.0,0.0,0.0
1748,0.0,0.0,0.0,0.0,0.0,0.0,0.0,0.0,0.0
1749,0.0,0.0,0.0,0.0,0.0,0.0,0.0,0.0,0.0
1750,0.0,0.0,0.0,0.0,0.0,0.0,0.0,0.0,0.0
1751,0.0,0.0,0.0,0.0,0.0,0.0,0.0,0.0,0.0
1752,0.0,0.0,0.0,0.0,0.0,0.0,0.0,0.0,0.0
1753,0.0,0.0,0.0,0.0,0.0,0.0,0.0,0.0,0.0
1754,0.0,0.0,0.0,0.0,0.0,0.0,0.0,0.0,0.0
1755,0.0,0.0,0.0,0.0,0.0,0.0,0.0,0.0,0.0
1756,0.0,0.0,0.0,0.0,0.0,0.0,0.0,0.0,0.0
1757,0.0,0.0,0.0,0.0,0.0,0.0,0.0,0.0,0.0
1758,0.0,0.0,0.0,0.0,0.0,0.0,0.0,0.0,0.0
1759,0.0,0.0,0.0,0.0,0.0,0.0,0.0,0.0,0.0
1760,0.0,0.0,0.0,0.0,0.0,0.0,0.0,0.0,0.0
1761,0.0,0.0,0.0,0.0,0.0,0.0,0.0,0.0,0.0
1762,0.0,0.0,0.0,0.0,0.0,0.0,0.0,0.0,0.0
1763,0.0,0.0,0.0,0.0,0.0,0.0,0.0,0.0,0.0
1764,0.0,0.0,0.0,0.0,0.0,0.0,0.0,0.0,0.0
1765,0.0,0.0,0.0,0.0,0.0,0.0,0.0,0.0,0.0
1766,0.0,0.0,0.0,0.0,0.0,0.0,0.0,0.0,0.0
1767,0.0,0.0,0.0,0.0,0.0,0.0,0.0,0.0,0.0
1768,0.0,0.0,0.0,0.0,0.0,0.0,0.0,0.0,0.0
1769,0.0,0.0,0.0,0.0,0.0,0.0,0.0,0.0,0.0
1770,0.0,0.0,0.0,0.0,0.0,0.0,0.0,0.0,0.0
1771,0.0,0.0,0.0,0.0,0.0,0.0,0.0,0.0,0.0
1772,0.0,0.0,0.0,0.0,0.0,0.0,0.0,0.0,0.0
1773,0.0,0.0,0.0,0.0,0.0,0.0,0.0,0.0,0.0
1774,0.0,0.0,0.0,0.0,0.0,0.0,0.0,0.0,0.0
1775,0.0,0.0,0.0,0.0,0.0,0.0,0.0,0.0,0.0
1776,0.0,0.0,0.0,0.0,0.0,0.0,0.0,0.0,0.0
1777,0.0,0.0,0.0,0.0,0.0,0.0,0.0,0.0,0.0
1778,0.0,0.0,0.0,0.0,0.0,0.0,0.0,0.0,0.0
1779,0.0,0.0,0.0,0.0,0.0,0.0,0.0,0.0,0.0
1780,0.0,0.0,0.0,0.0,0.0,0.0,0.0,0.0,0.0
1781,0.0,0.0,0.0,0.0,0.0,0.0,0.0,0.0,0.0
1782,0.0,0.0,0.0,0.0,0.0,0.0,0.0,0.0,0.0
1783,0.0,0.0,0.0,0.0,0.0,0.0,0.0,0.0,0.0
1784,0.0,0.0,0.0,0.0,0.0,0.0,0.0,0.0,0.0
1785,0.0,0.0,0.0,0.0,0.0,0.0,0.0,0.0,0.0
1786,0.0,0.0,0.0,0.0,0.0,0.0,0.0,0.0,0.0
1787,0.0,0.0,0.0,0.0,0.0,0.0,0.0,0.0,0.0
1788,0.0,0.0,0.0,0.0,0.0,0.0,0.0,0.0,0.0
1789,0.0,0.0,0.0,0.0,0.0,0.0,0.0,0.0,0.0
1790,0.0,0.0,0.0,0.0,0.0,0.0,0.0,0.0,0.0
1791,0.0,0.0,0.0,0.0,0.0,0.0,0.0,0.0,0.0
1792,0.0,0.0,0.0,0.0,0.0,0.0,0.0,0.0,0.0
1793,0.0,0.0,0.0,0.0,0.0,0.0,0.0,0.0,0.0
1794,0.0,0.0,0.0,0.0,0.0,0.0,0.0,0.0,0.0
1795,0.0,0.0,0.0,0.0,0.0,0.0,0.0,0.0,0.0
1796,0.0,0.0,0.0,0.0,0.0,0.0,0.0,0.0,0.0
1797,0.0,0.0,0.0,0.0,0.0,0.0,0.0,0.0,0.0
1798,0.0,0.0,0.0,0.0,0.0,0.0,0.0,0.0,0.0
1799,0.0,0.0,0.0,0.0,0.0,0.0,0.0,0.0,0.0
1800,0.0,0.0,0.0,0.0,0.0,0.0,0.0,0.0,0.0
1801,0.0,0.0,0.0,0.0,0.0,0.0,0.0,0.0,0.0
1802,0.0,0.0,0.0,0.0,0.0,0.0,0.0,0.0,0.0
1803,0.0,0.0,0.0,0.0,0.0,0.0,0.0,0.0,0.0
1804,0.0,0.0,0.0,0.0,0.0,0.0,0.0,0.0,0.0
1805,0.0,0.0,0.0,0.0,0.0,0.0,0.0,0.0,0.0
1806,0.0,0.0,0.0,0.0,0.0,0.0,0.0,0.0,0.0
1807,0.0,0.0,0.0,0.0,0.0,0.0,0.0,0.0,0.0
1808,0.0,0.0,0.0,0.0,0.0,0.0,0.0,0.0,0.0
1809,0.0,0.0,0.0,0.0,0.0,0.0,0.0,0.0,0.0
1810,0.0,0.0,0.0,0.0,0.0,0.0,0.0,0.0,0.0
1811,0.0,0.0,0.0,0.0,0.0,0.0,0.0,0.0,0.0
1812,0.0,0.0,0.0,0.0,0.0,0.0,0.0,0.0,0.0
1813,0.0,0.0,0.0,0.0,0.0,0.0,0.0,0.0,0.0
1814,0.0,0.0,0.0,0.0,0.0,0.0,0.0,0.0,0.0
1815,0.0,0.0,0.0,0.0,0.0,0.0,0.0,0.0,0.0
1816,0.0,0.0,0.0,0.0,0.0,0.0,0.0,0.0,0.0
1817,0.0,0.0,0.0,0.0,0.0,0.0,0.0,0.0,0.0
1818,0.0,0.0,0.0,0.0,0.0,0.0,0.0,0.0,0.0
1819,0.0,0.0,0.0,0.0,0.0,0.0,0.0,0.0,0.0
1820,0.0,0.0,0.0,0.0,0.0,0.0,0.0,0.0,0.0
1821,0.0,0.0,0.0,0.0,0.0,0.0,0.0,0.0,0.0
1822,0.0,0.0,0.0,0.0,0.0,0.0,0.0,0.0,0.0
1823,0.0,0.0,0.0,0.0,0.0,0.0,0.0,0.0,0.0
1824,0.0,0.0,0.0,0.0,0.0,0.0,0.0,0.0,0.0
1825,0.0,0.0,0.0,0.0,0.0,0.0,0.0,0.0,0.0
1826,0.0,0.0,0.0,0.0,0.0,0.0,0.0,0.0,0.0
1827,0.0,0.0,0.0,0.0,0.0,0.0,0.0,0.0,0.0
1828,0.0,0.0,0.0,0.0,0.0,0.0,0.0,0.0,0.0
1829,0.0,0.0,0.0,0.0,0.0,0.0,0.0,0.0,0.0
1830,0.0,0.0,0.0,0.0,0.0,0.0,0.0,0.0,0.0
1831,0.0,0.0,0.0,0.0,0.0,0.0,0.0,0.0,0.0
1832,0.0,0.0,0.0,0.0,0.0,0.0,0.0,0.0,0.0
1833,0.0,0.0,0.0,0.0,0.0,0.0,0.0,0.0,0.0
1834,0.0,0.0,0.0,0.0,0.0,0.0,0.0,0.0,0.0
1835,0.0,0.0,0.0,0.0,0.0,0.0,0.0,0.0,0.0
1836,0.0,0.0,0.0,0.0,0.0,0.0,0.0,0.0,0.0
1837,0.0,0.0,0.0,0.0,0.0,0.0,0.0,0.0,0.0
1838,0.0,0.0,0.0,0.0,0.0,0.0,0.0,0.0,0.0
1839,0.0,0.0,0.0,0.0,0.0,0.0,0.0,0.0,0.0
1840,0.0,0.0,0.0,0.0,0.0,0.0,0.0,0.0,0.0
1841,0.0,0.0,0.0,0.0,0.0,0.0,0.0,0.0,0.0
1842,0.0,0.0,0.0,0.0,0.0,0.0,0.0,0.0,0.0
1843,0.0,0.0,0.0,0.0,0.0,0.0,0.0,0.0,0.0
1844,0.0,0.0,0.0,0.0,0.0,0.0,0.0,0.0,0.0
1845,0.0,0.0,0.0,0.0,0.0,0.0,0.0,0.0,0.0
1846,0.0,0.0,0.0,0.0,0.0,0.0,0.0,0.0,0.0
1847,0.0,0.0,0.0,0.0,0.0,0.0,0.0,0.0,0.0
1848,0.0,0.0,0.0,0.0,0.0,0.0,0.0,0.0,0.0
1849,0.0,0.0,0.0,0.0,0.0,0.0,0.0,0.0,0.0
1850,0.0,0.0,0.0,0.0,0.0,0.0,0.0,0.0,0.0
1851,0.0,0.0,0.0,0.0,0.0,0.0,0.0,0.0,0.0
1852,0.0,0.0,0.0,0.0,0.0,0.0,0.0,0.0,0.0
1853,0.0,0.0,0.0,0.0,0.0,0.0,0.0,0.0,0.0
1854,0.0,0.0,0.0,0.0,0.0,0.0,0.0,0.0,0.0
1855,0.0,0.0,0.0,0.0,0.0,0.0,0.0,0.0,0.0
1856,0.0,0.0,0.0,0.0,0.0,0.0,0.0,0.0,0.0
1857,0.0,0.0,0.0,0.0,0.0,0.0,0.0,0.0,0.0
1858,0.0,0.0,0.0,0.0,0.0,0.0,0.0,0.0,0.0
1859,0.0,0.0,0.0,0.0,0.0,0.0,0.0,0.0,0.0
1860,0.0,0.0,0.0,0.0,0.0,0.0,0.0,0.0,0.0
1861,0.0,0.0,0.0,0.0,0.0,0.0,0.0,0.0,0.0
1862,0.0,0.0,0.0,0.0,0.0,0.0,0.0,0.0,0.0
1863,0.0,0.0,0.0,0.0,0.0,0.0,0.0,0.0,0.0
1864,0.0,0.0,0.0,0.0,0.0,0.0,0.0,0.0,0.0
1865,0.0,0.0,0.0,0.0,0.0,0.0,0.0,0.0,0.0
1866,0.0,0.0,0.0,0.0,0.0,0.0,0.0,0.0,0.0
1867,0.0,0.0,0.0,0.0,0.0,0.0,0.0,0.0,0.0
1868,0.0,0.0,0.0,0.0,0.0,0.0,0.0,0.0,0.0
1869,0.0,0.0,0.0,0.0,0.0,0.0,0.0,0.0,0.0
1870,0.0,0.0,0.0,0.0,0.0,0.0,0.0,0.0,0.0
1871,0.0,0.0,0.0,0.0,0.0,0.0,0.0,0.0,0.0
1872,0.0,0.0,0.0,0.0,0.0,0.0,0.0,0.0,0.0
1873,0.0,0.0,0.0,0.0,0.0,0.0,0.0,0.0,0.0
1874,0.0,0.0,0.0,0.0,0.0,0.0,0.0,0.0,0.0
1875,0.0,0.0,0.0,0.0,0.0,0.0,0.0,0.0,0.0
1876,0.0,0.0,0.0,0.0,0.0,0.0,0.0,0.0,0.0
1877,0.0,0.0,0.0,0.0,0.0,0.0,0.0,0.0,0.0
1878,0.0,0.0,0.0,0.0,0.0,0.0,0.0,0.0,0.0
1879,0.0,0.0,0.0,0.0,0.0,0.0,0.0,0.0,0.0
1880,0.0,0.0,0.0,0.0,0.0,0.0,0.0,0.0,0.0
1881,0.0,0.0,0.0,0.0,0.0,0.0,0.0,0.0,0.0
1882,0.0,0.0,0.0,0.0,0.0,0.0,0.0,0.0,0.0
1883,0.0,0.0,0.0,0.0,0.0,0.0,0.0,0.0,0.0
1884,0.0,0.0,0.0,0.0,0.0,0.0,0.0,0.0,0.0
1885,0.0,0.0,0.0,0.0,0.0,0.0,0.0,0.0,0.0
1886,0.0,0.0,0.0,0.0,0.0,0.0,0.0,0.0,0.0
1887,0.0,0.0,0.0,0.0,0.0,0.0,0.0,0.0,0.0
1888,0.0,0.0,0.0,0.0,0.0,0.0,0.0,0.0,0.0
1889,0.0,0.0,0.0,0.0,0.0,0.0,0.0,0.0,0.0
1890,0.0,0.0,0.0,0.0,0.0,0.0,0.0,0.0,0.0
1891,0.0,0.0,0.0,0.0,0.0,0.0,0.0,0.0,0.0
1892,0.0,0.0,0.0,0.0,0.0,0.0,0.0,0.0,0.0
1893,0.0,0.0,0.0,0.0,0.0,0.0,0.0,0.0,0.0
1894,0.0,0.0,0.0,0.0,0.0,0.0,0.0,0.0,0.0
1895,0.0,0.0,0.0,0.0,0.0,0.0,0.0,0.0,0.0
1896,0.0,0.0,0.0,0.0,0.0,0.0,0.0,0.0,0.0
1897,0.0,0.0,0.0,0.0,0.0,0.0,0.0,0.0,0.0
1898,0.0,0.0,0.0,0.0,0.0,0.0,0.0,0.0,0.0
1899,0.0,0.0,0.0,0.0,0.0,0.0,0.0,0.0,0.0
1900,0.0,0.0,0.0,0.0,0.0,0.0,0.0,0.0,0.0
1901,0.0,0.0,0.0,0.0,0.0,0.0,0.0,0.0,0.0
1902,0.0,0.0,0.0,0.0,0.0,0.0,0.0,0.0,0.0
1903,0.0,0.0,0.0,0.0,0.0,0.0,0.0,0.0,0.0
1904,0.0,0.0,0.0,0.0,0.0,0.0,0.0,0.0,0.0
1905,0.0,0.0,0.0,0.0,0.0,0.0,0.0,0.0,0.0
1906,0.0,0.0,0.0,0.0,0.0,0.0,0.0,0.0,0.0
1907,0.0,0.0,0.0,0.0,0.0,0.0,0.0,0.0,0.0
1908,0.0,0.0,0.0,0.0,0.0,0.0,0.0,0.0,0.0
1909,0.0,0.0,0.0,0.0,0.0,0.0,0.0,0.0,0.0
1910,0.0,0.0,0.0,0.0,0.0,0.0,0.0,0.0,0.0
1911,0.0,0.0,0.0,0.0,0.0,0.0,0.0,0.0,0.0
1912,0.0,0.0,0.0,0.0,0.0,0.0,0.0,0.0,0.0
1913,0.0,0.0,0.0,0.0,0.0,0.0,0.0,0.0,0.0
1914,0.0,0.0,0.0,0.0,0.0,0.0,0.0,0.0,0.0
1915,0.0,0.0,0.0,0.0,0.0,0.0,0.0,0.0,0.0
1916,0.0,0.0,0.0,0.0,0.0,0.0,0.0,0.0,0.0
1917,0.0,0.0,0.0,0.0,0.0,0.0,0.0,0.0,0.0
1918,0.0,0.0,0.0,0.0,0.0,0.0,0.0,0.0,0.0
1919,0.0,0.0,0.0,0.0,0.0,0.0,0.0,0.0,0.0
1920,0.0,0.0,0.0,0.0,0.0,0.0,0.0,0.0,0.0
1921,0.0,0.0,0.0,0.0,0.0,0.0,0.0,0.0,0.0
1922,0.0,0.0,0.0,0.0,0.0,0.0,0.0,0.0,0.0
1923,0.0,0.0,0.0,0.0,0.0,0.0,0.0,0.0,0.0
1924,0.0,0.0,0.0,0.0,0.0,0.0,0.0,0.0,0.0
1925,0.0,0.0,0.0,0.0,0.0,0.0,0.0,0.0,0.0
1926,0.0,0.0,0.0,0.0,0.0,0.0,0.0,0.0,0.0
1927,0.0,0.0,0.0,0.0,0.0,0.0,0.0,0.0,0.0
1928,0.0,0.0,0.0,0.0,0.0,0.0,0.0,0.0,0.0
1929,0.0,0.0,0.0,0.0,0.0,0.0,0.0,0.0,0.0
1930,0.0,0.0,0.0,0.0,0.0,0.0,0.0,0.0,0.0
1931,0.0,0.0,0.0,0.0,0.0,0.0,0.0,0.0,0.0
1932,0.0,0.0,0.0,0.0,0.0,0.0,0.0,0.0,0.0
1933,0.0,0.0,0.0,0.0,0.0,0.0,0.0,0.0,0.0
1934,0.0,0.0,0.0,0.0,0.0,0.0,0.0,0.0,0.0
1935,0.0,0.0,0.0,0.0,0.0,0.0,0.0,0.0,0.0
1936,0.0,0.0,0.0,0.0,0.0,0.0,0.0,0.0,0.0
1937,0.0,0.0,0.0,0.0,0.0,0.0,0.0,0.0,0.0
1938,0.0,0.0,0.0,0.0,0.0,0.0,0.0,0.0,0.0
1939,0.0,0.0,0.0,0.0,0.0,0.0,0.0,0.0,0.0
1940,0.0,0.0,0.0,0.0,0.0,0.0,0.0,0.0,0.0
1941,0.0,0.0,0.0,0.0,0.0,0.0,0.0,0.0,0.0
1942,0.0,0.0,0.0,0.0,0.0,0.0,0.0,0.0,0.0
1943,0.0,0.0,0.0,0.0,0.0,0.0,0.0,0.0,0.0
1944,0.0,0.0,0.0,0.0,0.0,0.0,0.0,0.0,0.0
1945,0.0,0.0,0.0,0.0,0.0,0.0,0.0,0.0,0.0
1946,0.0,0.0,0.0,0.0,0.0,0.0,0.0,0.0,0.0
1947,0.0,0.0,0.0,0.0,0.0,0.0,0.0,0.0,0.0
1948,0.0,0.0,0.0,0.0,0.0,0.0,0.0,0.0,0.0
1949,0.0,0.0,0.0,0.0,0.0,0.0,0.0,0.0,0.0
1950,0.0,0.0,0.0,0.0,0.0,0.0,0.0,0.0,0.0
1951,0.0,0.0,0.0,0.0,0.0,0.0,0.0,0.0,0.0
1952,0.0,0.0,0.0,0.0,0.0,0.0,0.0,0.0,0.0
1953,0.0,0.0,0.0,0.0,0.0,0.0,0.0,0.0,0.0
1954,0.0,0.0,0.0,0.0,0.0,0.0,0.0,0.0,0.0
1955,0.0,0.0,0.0,0.0,0.0,0.0,0.0,0.0,0.0
1956,0.0,0.0,0.0,0.0,0.0,0.0,0.0,0.0,0.0
1957,0.0,0.0,0.0,0.0,0.0,0.0,0.0,0.0,0.0
1958,0.0,0.0,0.0,0.0,0.0,0.0,0.0,0.0,0.0
1959,0.0,0.0,0.0,0.0,0.0,0.0,0.0,0.0,0.0
1960,0.0,0.0,0.0,0.0,0.0,0.0,0.0,0.0,0.0
1961,0.0,0.0,0.0,0.0,0.0,0.0,0.0,0.0,0.0
1962,0.0,0.0,0.0,0.0,0.0,0.0,0.0,0.0,0.0
1963,0.0,0.0,0.0,0.0,0.0,0.0,0.0,0.0,0.0
1964,0.0,0.0,0.0,0.0,0.0,0.0,0.0,0.0,0.0
1965,0.0,0.0,0.0,0.0,0.0,0.0,0.0,0.0,0.0
1966,0.0,0.0,0.0,0.0,0.0,0.0,0.0,0.0,0.0
1967,0.0,0.0,0.0,0.0,0.0,0.0,0.0,0.0,0.0
1968,0.0,0.0,0.0,0.0,0.0,0.0,0.0,0.0,0.0
1969,0.0,0.0,0.0,0.0,0.0,0.0,0.0,0.0,0.0
1970,0.0,0.0,0.0,0.0,0.0,0.0,0.0,0.0,0.0
1971,0.0,0.0,0.0,0.0,0.0,0.0,0.0,0.0,0.0
1972,0.0,0.0,0.0,0.0,0.0,0.0,0.0,0.0,0.0
1973,0.0,0.0,0.0,0.0,0.0,0.0,0.0,0.0,0.0
1974,0.0,0.0,0.0,0.0,0.0,0.0,0.0,0.0,0.0
1975,0.0,0.0,0.0,0.0,0.0,0.0,0.0,0.0,0.0
1976,0.0,0.0,0.0,0.0,0.0,0.0,0.0,0.0,0.0
1977,0.0,0.0,0.0,0.0,0.0,0.0,0.0,0.0,0.0
1978,0.0,0.0,0.0,0.0,0.0,0.0,0.0,0.0,0.0
1979,0.0,0.0,0.0,0.0,0.0,0.0,0.0,0.0,0.0
1980,0.0,0.0,0.0,0.0,0.0,0.0,0.0,0.0,0.0
1981,0.0,0.0,0.0,0.0,0.0,0.0,0.0,0.0,0.0
1982,0.0,0.0,0.0,0.0,0.0,0.0,0.0,0.0,0.0
1983,0.0,0.0,0.0,0.0,0.0,0.0,0.0,0.0,0.0
1984,0.0,0.0,0.0,0.0,0.0,0.0,0.0,0.0,0.0
1985,0.0,0.0,0.0,0.0,0.0,0.0,0.0,0.0,0.0
1986,0.0,0.0,0.0,0.0,0.0,0.0,0.0,0.0,0.0
1987,0.0,0.0,0.0,0.0,0.0,0.0,0.0,0.0,0.0
1988,0.0,0.0,0.0,0.0,0.0,0.0,0.0,0.0,0.0
1989,0.0,0.0,0.0,0.0,0.0,0.0,0.0,0.0,0.0
1990,0.0,0.0,0.0,0.0,0.0,0.0,0.0,0.0,0.0
1991,0.0,0.0,0.0,0.0,0.0,0.0,0.0,0.0,0.0
1992,0.0,0.0,0.0,0.0,0.0,0.0,0.0,0.0,0.0
1993,0.0,0.0,0.0,0.0,0.0,0.0,0.0,0.0,0.0
1994,0.0,0.0,0.0,0.0,0.0,0.0,0.0,0.0,0.0
1995,0.0,0.0,0.0,0.0,0.0,0.0,0.0,0.0,0.0
1996,0.0,0.0,0.0,0.0,0.0,0.0,0.0,0.0,0.0
1997,0.0,0.0,0.0,0.0,0.0,0.0,0.0,0.0,0.0
1998,0.0,0.0,0.0,0.0,0.0,0.0,0.0,0.0,0.0
1999,0.0,0.0,0.0,0.0,0.0,0.0,0.0,0.0,0.0
2000,0.0,0.0,0.0,0.0,0.0,0.0,0.0,0.0,0.0
2001,0.0,0.0,0.0,0.0,0.0,0.0,0.0,0.0,0.0
2002,0.0,0.0,0.0,0.0,0.0,0.0,0.0,0.0,0.0
2003,0.0,0.0,0.0,0.0,0.0,0.0,0.0,0.0,0.0
2004,0.0,0.0,0.0,0.0,0.0,0.0,0.0,0.0,0.0
2005,0.0,0.0,0.0,0.0,0.0,0.0,0.0,0.0,0.0
2006,0.0,0.0,0.0,0.0,0.0,0.0,0.0,0.0,0.0
2007,0.0,0.0,0.0,0.0,0.0,0.0,0.0,0.0,0.0
2008,0.0,0.0,0.0,0.0,0.0,0.0,0.0,0.0,0.0
2009,0.0,0.0,0.0,0.0,0.0,0.0,0.0,0.0,0.0
2010,0.0,0.0,0.0,0.0,0.0,0.0,0.0,0.0,0.0
2011,0.0,0.0,0.0,0.0,0.0,0.0,0.0,0.0,0.0
2012,0.0,0.0,0.0,0.0,0.0,0.0,0.0,0.0,0.0
2013,0.0,0.0,0.0,0.0,0.0,0.0,0.0,0.0,0.0
2014,0.0,0.0,0.0,0.0,0.0,0.0,0.0,0.0,0.0
2015,0.0,0.0,0.0,0.0,0.0,0.0,0.0,0.0,0.0
2016,0.0,0.0,0.0,0.0,0.0,0.0,0.0,0.0,0.0
2017,0.0,0.0,0.0,0.0,0.0,0.0,0.0,0.0,0.0
2018,0.0,0.0,0.0,0.0,0.0,0.0,0.0,0.0,0.0
2019,0.0,0.0,0.0,0.0,0.0,0.0,0.0,0.0,0.0
2020,0.0,0.0,0.0,0.0,0.0,0.0,0.0,0.0,0.0
2021,0.0,0.0,0.0,0.0,0.0,0.0,0.0,0.0,0.0
2022,0.0,0.0,0.0,0.0,0.0,0.0,0.0,0.0,0.0
2023,0.0,0.0,0.0,0.0,0.0,0.0,0.0,0.0,0.0
2024,0.0,0.0,0.0,0.0,0.0,0.0,0.0,0.0,0.0
2025,0.0,0.0,0.0,0.0,0.0,0.0,0.0,0.0,0.0
2026,0.0,0.0,0.0,0.0,0.0,0.0,0.0,0.0,0.0
2027,0.0,0.0,0.0,0.0,0.0,0.0,0.0,0.0,0.0
2028,0.0,0.0,0.0,0.0,0.0,0.0,0.0,0.0,0.0
2029,0.0,0.0,0.0,0.0,0.0,0.0,0.0,0.0,0.0
2030,0.0,0.0,0.0,0.0,0.0,0.0,0.0,0.0,0.0
2031,0.0,0.0,0.0,0.0,0.0,0.0,0.0,0.0,0.0
2032,0.0,0.0,0.0,0.0,0.0,0.0,0.0,0.0,0.0
2033,0.0,0.0,0.0,0.0,0.0,0.0,0.0,0.0,0.0
2034,0.0,0.0,0.0,0.0,0.0,0.0,0.0,0.0,0.0
2035,0.0,0.0,0.0,0.0,0.0,0.0,0.0,0.0,0.0
2036,0.0,0.0,0.0,0.0,0.0,0.0,0.0,0.0,0.0
2037,0.0,0.0,0.0,0.0,0.0,0.0,0.0,0.0,0.0
2038,0.0,0.0,0.0,0.0,0.0,0.0,0.0,0.0,0.0
2039,0.0,0.0,0.0,0.0,0.0,0.0,0.0,0.0,0.0
2040,0.0,0.0,0.0,0.0,0.0,0.0,0.0,0.0,0.0
2041,0.0,0.0,0.0,0.0,0.0,0.0,0.0,0.0,0.0
2042,0.0,0.0,0.0,0.0,0.0,0.0,0.0,0.0,0.0
2043,0.0,0.0,0.0,0.0,0.0,0.0,0.0,0.0,0.0
2044,0.0,0.0,0.0,0.0,0.0,0.0,0.0,0.0,0.0
2045,0.0,0.0,0.0,0.0,0.0,0.0,0.0,0.0,0.0
2046,0.0,0.0,0.0,0.0,0.0,0.0,0.0,0.0,0.0
2047,0.0,0.0,0.0,0.0,0.0,0.0,0.0,0.0,0.0
2048,0.0,0.0,0.0,0.0,0.0,0.0,0.0,0.0,0.0
2049,0.0,0.0,0.0,0.0,0.0,0.0,0.0,0.0,0.0
2050,0.0,0.0,0.0,0.0,0.0,0.0,0.0,0.0,0.0
2051,0.0,0.0,0.0,0.0,0.0,0.0,0.0,0.0,0.0
2052,0.0,0.0,0.0,0.0,0.0,0.0,0.0,0.0,0.0
2053,0.0,0.0,0.0,0.0,0.0,0.0,0.0,0.0,0.0
2054,0.0,0.0,0.0,0.0,0.0,0.0,0.0,0.0,0.0
2055,0.0,0.0,0.0,0.0,0.0,0.0,0.0,0.0,0.0
2056,0.0,0.0,0.0,0.0,0.0,0.0,0.0,0.0,0.0
2057,0.0,0.0,0.0,0.0,0.0,0.0,0.0,0.0,0.0
2058,0.0,0.0,0.0,0.0,0.0,0.0,0.0,0.0,0.0
2059,0.0,0.0,0.0,0.0,0.0,0.0,0.0,0.0,0.0
2060,0.0,0.0,0.0,0.0,0.0,0.0,0.0,0.0,0.0
2061,0.0,0.0,0.0,0.0,0.0,0.0,0.0,0.0,0.0
2062,0.0,0.0,0.0,0.0,0.0,0.0,0.0,0.0,0.0
2063,0.0,0.0,0.0,0.0,0.0,0.0,0.0,0.0,0.0
2064,0.0,0.0,0.0,0.0,0.0,0.0,0.0,0.0,0.0
2065,0.0,0.0,0.0,0.0,0.0,0.0,0.0,0.0,0.0
2066,0.0,0.0,0.0,0.0,0.0,0.0,0.0,0.0,0.0
2067,0.0,0.0,0.0,0.0,0.0,0.0,0.0,0.0,0.0
2068,0.0,0.0,0.0,0.0,0.0,0.0,0.0,0.0,0.0
2069,0.0,0.0,0.0,0.0,0.0,0.0,0.0,0.0,0.0
2070,0.0,0.0,0.0,0.0,0.0,0.0,0.0,0.0,0.0
2071,0.0,0.0,0.0,0.0,0.0,0.0,0.0,0.0,0.0
2072,0.0,0.0,0.0,0.0,0.0,0.0,0.0,0.0,0.0
2073,0.0,0.0,0.0,0.0,0.0,0.0,0.0,0.0,0.0
2074,0.0,0.0,0.0,0.0,0.0,0.0,0.0,0.0,0.0
2075,0.0,0.0,0.0,0.0,0.0,0.0,0.0,0.0,0.0
2076,0.0,0.0,0.0,0.0,0.0,0.0,0.0,0.0,0.0
2077,0.0,0.0,0.0,0.0,0.0,0.0,0.0,0.0,0.0
2078,0.0,0.0,0.0,0.0,0.0,0.0,0.0,0.0,0.0
2079,0.0,0.0,0.0,0.0,0.0,0.0,0.0,0.0,0.0
2080,0.0,0.0,0.0,0.0,0.0,0.0,0.0,0.0,0.0
2081,0.0,0.0,0.0,0.0,0.0,0.0,0.0,0.0,0.0
2082,0.0,0.0,0.0,0.0,0.0,0.0,0.0,0.0,0.0
2083,0.0,0.0,0.0,0.0,0.0,0.0,0.0,0.0,0.0
2084,0.0,0.0,0.0,0.0,0.0,0.0,0.0,0.0,0.0
2085,0.0,0.0,0.0,0.0,0.0,0.0,0.0,0.0,0.0
2086,0.0,0.0,0.0,0.0,0.0,0.0,0.0,0.0,0.0
2087,0.0,0.0,0.0,0.0,0.0,0.0,0.0,0.0,0.0
2088,0.0,0.0,0.0,0.0,0.0,0.0,0.0,0.0,0.0
2089,0.0,0.0,0.0,0.0,0.0,0.0,0.0,0.0,0.0
2090,0.0,0.0,0.0,0.0,0.0,0.0,0.0,0.0,0.0
2091,0.0,0.0,0.0,0.0,0.0,0.0,0.0,0.0,0.0
2092,0.0,0.0,0.0,0.0,0.0,0.0,0.0,0.0,0.0
2093,0.0,0.0,0.0,0.0,0.0,0.0,0.0,0.0,0.0
2094,0.0,0.0,0.0,0.0,0.0,0.0,0.0,0.0,0.0
2095,0.0,0.0,0.0,0.0,0.0,0.0,0.0,0.0,0.0
2096,0.0,0.0,0.0,0.0,0.0,0.0,0.0,0.0,0.0
2097,0.0,0.0,0.0,0.0,0.0,0.0,0.0,0.0,0.0
2098,0.0,0.0,0.0,0.0,0.0,0.0,0.0,0.0,0.0
2099,0.0,0.0,0.0,0.0,0.0,0.0,0.0,0.0,0.0
2100,0.0,0.0,0.0,0.0,0.0,0.0,0.0,0.0,0.0
2101,0.0,0.0,0.0,0.0,0.0,0.0,0.0,0.0,0.0
2102,0.0,0.0,0.0,0.0,0.0,0.0,0.0,0.0,0.0
2103,0.0,0.0,0.0,0.0,0.0,0.0,0.0,0.0,0.0
2104,0.0,0.0,0.0,0.0,0.0,0.0,0.0,0.0,0.0
2105,0.0,0.0,0.0,0.0,0.0,0.0,0.0,0.0,0.0
2106,0.0,0.0,0.0,0.0,0.0,0.0,0.0,0.0,0.0
2107,0.0,0.0,0.0,0.0,0.0,0.0,0.0,0.0,0.0
2108,0.0,0.0,0.0,0.0,0.0,0.0,0.0,0.0,0.0
2109,0.0,0.0,0.0,0.0,0.0,0.0,0.0,0.0,0.0
2110,0.0,0.0,0.0,0.0,0.0,0.0,0.0,0.0,0.0
2111,0.0,0.0,0.0,0.0,0.0,0.0,0.0,0.0,0.0
2112,0.0,0.0,0.0,0.0,0.0,0.0,0.0,0.0,0.0
2113,0.0,0.0,0.0,0.0,0.0,0.0,0.0,0.0,0.0
2114,0.0,0.0,0.0,0.0,0.0,0.0,0.0,0.0,0.0
2115,0.0,0.0,0.0,0.0,0.0,0.0,0.0,0.0,0.0
2116,0.0,0.0,0.0,0.0,0.0,0.0,0.0,0.0,0.0
2117,0.0,0.0,0.0,0.0,0.0,0.0,0.0,0.0,0.0
2118,0.0,0.0,0.0,0.0,0.0,0.0,0.0,0.0,0.0
2119,0.0,0.0,0.0,0.0,0.0,0.0,0.0,0.0,0.0
2120,0.0,0.0,0.0,0.0,0.0,0.0,0.0,0.0,0.0
2121,0.0,0.0,0.0,0.0,0.0,0.0,0.0,0.0,0.0
2122,0.0,0.0,0.0,0.0,0.0,0.0,0.0,0.0,0.0
2123,0.0,0.0,0.0,0.0,0.0,0.0,0.0,0.0,0.0
2124,0.0,0.0,0.0,0.0,0.0,0.0,0.0,0.0,0.0
2125,0.0,0.0,0.0,0.0,0.0,0.0,0.0,0.0,0.0
2126,0.0,0.0,0.0,0.0,0.0,0.0,0.0,0.0,0.0
2127,0.0,0.0,0.0,0.0,0.0,0.0,0.0,0.0,0.0
2128,0.0,0.0,0.0,0.0,0.0,0.0,0.0,0.0,0.0
2129,0.0,0.0,0.0,0.0,0.0,0.0,0.0,0.0,0.0
2130,0.0,0.0,0.0,0.0,0.0,0.0,0.0,0.0,0.0
2131,0.0,0.0,0.0,0.0,0.0,0.0,0.0,0.0,0.0
2132,0.0,0.0,0.0,0.0,0.0,0.0,0.0,0.0,0.0
2133,0.0,0.0,0.0,0.0,0.0,0.0,0.0,0.0,0.0
2134,0.0,0.0,0.0,0.0,0.0,0.0,0.0,0.0,0.0
2135,0.0,0.0,0.0,0.0,0.0,0.0,0.0,0.0,0.0
2136,0.0,0.0,0.0,0.0,0.0,0.0,0.0,0.0,0.0
2137,0.0,0.0,0.0,0.0,0.0,0.0,0.0,0.0,0.0
2138,0.0,0.0,0.0,0.0,0.0,0.0,0.0,0.0,0.0
2139,0.0,0.0,0.0,0.0,0.0,0.0,0.0,0.0,0.0
2140,0.0,0.0,0.0,0.0,0.0,0.0,0.0,0.0,0.0
2141,0.0,0.0,0.0,0.0,0.0,0.0,0.0,0.0,0.0
2142,0.0,0.0,0.0,0.0,0.0,0.0,0.0,0.0,0.0
2143,0.0,0.0,0.0,0.0,0.0,0.0,0.0,0.0,0.0
2144,0.0,0.0,0.0,0.0,0.0,0.0,0.0,0.0,0.0
2145,0.0,0.0,0.0,0.0,0.0,0.0,0.0,0.0,0.0
2146,0.0,0.0,0.0,0.0,0.0,0.0,0.0,0.0,0.0
2147,0.0,0.0,0.0,0.0,0.0,0.0,0.0,0.0,0.0
2148,0.0,0.0,0.0,0.0,0.0,0.0,0.0,0.0,0.0
2149,0.0,0.0,0.0,0.0,0.0,0.0,0.0,0.0,0.0
2150,0.0,0.0,0.0,0.0,0.0,0.0,0.0,0.0,0.0
2151,0.0,0.0,0.0,0.0,0.0,0.0,0.0,0.0,0.0
2152,0.0,0.0,0.0,0.0,0.0,0.0,0.0,0.0,0.0
2153,0.0,0.0,0.0,0.0,0.0,0.0,0.0,0.0,0.0
2154,0.0,0.0,0.0,0.0,0.0,0.0,0.0,0.0,0.0
2155,0.0,0.0,0.0,0.0,0.0,0.0,0.0,0.0,0.0
2156,0.0,0.0,0.0,0.0,0.0,0.0,0.0,0.0,0.0
2157,0.0,0.0,0.0,0.0,0.0,0.0,0.0,0.0,0.0
2158,0.0,0.0,0.0,0.0,0.0,0.0,0.0,0.0,0.0
2159,0.0,0.0,0.0,0.0,0.0,0.0,0.0,0.0,0.0
2160,0.0,0.0,0.0,0.0,0.0,0.0,0.0,0.0,0.0
2161,0.0,0.0,0.0,0.0,0.0,0.0,0.0,0.0,0.0
2162,0.0,0.0,0.0,0.0,0.0,0.0,0.0,0.0,0.0
2163,0.0,0.0,0.0,0.0,0.0,0.0,0.0,0.0,0.0
2164,0.0,0.0,0.0,0.0,0.0,0.0,0.0,0.0,0.0
2165,0.0,0.0,0.0,0.0,0.0,0.0,0.0,0.0,0.0
2166,0.0,0.0,0.0,0.0,0.0,0.0,0.0,0.0,0.0
2167,0.0,0.0,0.0,0.0,0.0,0.0,0.0,0.0,0.0
2168,0.0,0.0,0.0,0.0,0.0,0.0,0.0,0.0,0.0
2169,0.0,0.0,0.0,0.0,0.0,0.0,0.0,0.0,0.0
2170,0.0,0.0,0.0,0.0,0.0,0.0,0.0,0.0,0.0
2171,0.0,0.0,0.0,0.0,0.0,0.0,0.0,0.0,0.0
2172,0.0,0.0,0.0,0.0,0.0,0.0,0.0,0.0,0.0
2173,0.0,0.0,0.0,0.0,0.0,0.0,0.0,0.0,0.0
2174,0.0,0.0,0.0,0.0,0.0,0.0,0.0,0.0,0.0
2175,0.0,0.0,0.0,0.0,0.0,0.0,0.0,0.0,0.0
2176,0.0,0.0,0.0,0.0,0.0,0.0,0.0,0.0,0.0
2177,0.0,0.0,0.0,0.0,0.0,0.0,0.0,0.0,0.0
2178,0.0,0.0,0.0,0.0,0.0,0.0,0.0,0.0,0.0
2179,0.0,0.0,0.0,0.0,0.0,0.0,0.0,0.0,0.0
2180,0.0,0.0,0.0,0.0,0.0,0.0,0.0,0.0,0.0
2181,0.0,0.0,0.0,0.0,0.0,0.0,0.0,0.0,0.0
2182,0.0,0.0,0.0,0.0,0.0,0.0,0.0,0.0,0.0
2183,0.0,0.0,0.0,0.0,0.0,0.0,0.0,0.0,0.0
2184,0.0,0.0,0.0,0.0,0.0,0.0,0.0,0.0,0.0
2185,0.0,0.0,0.0,0.0,0.0,0.0,0.0,0.0,0.0
2186,0.0,0.0,0.0,0.0,0.0,0.0,0.0,0.0,0.0
2187,0.0,0.0,0.0,0.0,0.0,0.0,0.0,0.0,0.0
2188,0.0,0.0,0.0,0.0,0.0,0.0,0.0,0.0,0.0
2189,0.0,0.0,0.0,0.0,0.0,0.0,0.0,0.0,0.0
2190,0.0,0.0,0.0,0.0,0.0,0.0,0.0,0.0,0.0
2191,0.0,0.0,0.0,0.0,0.0,0.0,0.0,0.0,0.0
2192,0.0,0.0,0.0,0.0,0.0,0.0,0.0,0.0,0.0
2193,0.0,0.0,0.0,0.0,0.0,0.0,0.0,0.0,0.0
2194,0.0,0.0,0.0,0.0,0.0,0.0,0.0,0.0,0.0
2195,0.0,0.0,0.0,0.0,0.0,0.0,0.0,0.0,0.0
2196,0.0,0.0,0.0,0.0,0.0,0.0,0.0,0.0,0.0
2197,0.0,0.0,0.0,0.0,0.0,0.0,0.0,0.0,0.0
2198,0.0,0.0,0.0,0.0,0.0,0.0,0.0,0.0,0.0
2199,0.0,0.0,0.0,0.0,0.0,0.0,0.0,0.0,0.0
2200,0.0,0.0,0.0,0.0,0.0,0.0,0.0,0.0,0.0
2201,0.0,0.0,0.0,0.0,0.0,0.0,0.0,0.0,0.0
2202,0.0,0.0,0.0,0.0,0.0,0.0,0.0,0.0,0.0
2203,0.0,0.0,0.0,0.0,0.0,0.0,0.0,0.0,0.0
2204,0.0,0.0,0.0,0.0,0.0,0.0,0.0,0.0,0.0
2205,0.0,0.0,0.0,0.0,0.0,0.0,0.0,0.0,0.0
2206,0.0,0.0,0.0,0.0,0.0,0.0,0.0,0.0,0.0
2207,0.0,0.0,0.0,0.0,0.0,0.0,0.0,0.0,0.0
2208,0.0,0.0,0.0,0.0,0.0,0.0,0.0,0.0,0.0
2209,0.0,0.0,0.0,0.0,0.0,0.0,0.0,0.0,0.0
2210,0.0,0.0,0.0,0.0,0.0,0.0,0.0,0.0,0.0
2211,0.0,0.0,0.0,0.0,0.0,0.0,0.0,0.0,0.0
2212,0.0,0.0,0.0,0.0,0.0,0.0,0.0,0.0,0.0
2213,0.0,0.0,0.0,0.0,0.0,0.0,0.0,0.0,0.0
2214,0.0,0.0,0.0,0.0,0.0,0.0,0.0,0.0,0.0
2215,0.0,0.0,0.0,0.0,0.0,0.0,0.0,0.0,0.0
2216,0.0,0.0,0.0,0.0,0.0,0.0,0.0,0.0,0.0
2217,0.0,0.0,0.0,0.0,0.0,0.0,0.0,0.0,0.0
2218,0.0,0.0,0.0,0.0,0.0,0.0,0.0,0.0,0.0
2219,0.0,0.0,0.0,0.0,0.0,0.0,0.0,0.0,0.0
2220,0.0,0.0,0.0,0.0,0.0,0.0,0.0,0.0,0.0
2221,0.0,0.0,0.0,0.0,0.0,0.0,0.0,0.0,0.0
2222,0.0,0.0,0.0,0.0,0.0,0.0,0.0,0.0,0.0
2223,0.0,0.0,0.0,0.0,0.0,0.0,0.0,0.0,0.0
2224,0.0,0.0,0.0,0.0,0.0,0.0,0.0,0.0,0.0
2225,0.0,0.0,0.0,0.0,0.0,0.0,0.0,0.0,0.0
2226,0.0,0.0,0.0,0.0,0.0,0.0,0.0,0.0,0.0
2227,0.0,0.0,0.0,0.0,0.0,0.0,0.0,0.0,0.0
2228,0.0,0.0,0.0,0.0,0.0,0.0,0.0,0.0,0.0
2229,0.0,0.0,0.0,0.0,0.0,0.0,0.0,0.0,0.0
2230,0.0,0.0,0.0,0.0,0.0,0.0,0.0,0.0,0.0
2231,0.0,0.0,0.0,0.0,0.0,0.0,0.0,0.0,0.0
2232,0.0,0.0,0.0,0.0,0.0,0.0,0.0,0.0,0.0
2233,0.0,0.0,0.0,0.0,0.0,0.0,0.0,0.0,0.0
2234,0.0,0.0,0.0,0.0,0.0,0.0,0.0,0.0,0.0
2235,0.0,0.0,0.0,0.0,0.0,0.0,0.0,0.0,0.0
2236,0.0,0.0,0.0,0.0,0.0,0.0,0.0,0.0,0.0
2237,0.0,0.0,0.0,0.0,0.0,0.0,0.0,0.0,0.0
2238,0.0,0.0,0.0,0.0,0.0,0.0,0.0,0.0,0.0
2239,0.0,0.0,0.0,0.0,0.0,0.0,0.0,0.0,0.0
2240,0.0,0.0,0.0,0.0,0.0,0.0,0.0,0.0,0.0
2241,0.0,0.0,0.0,0.0,0.0,0.0,0.0,0.0,0.0
2242,0.0,0.0,0.0,0.0,0.0,0.0,0.0,0.0,0.0
2243,0.0,0.0,0.0,0.0,0.0,0.0,0.0,0.0,0.0
2244,0.0,0.0,0.0,0.0,0.0,0.0,0.0,0.0,0.0
2245,0.0,0.0,0.0,0.0,0.0,0.0,0.0,0.0,0.0
2246,0.0,0.0,0.0,0.0,0.0,0.0,0.0,0.0,0.0
2247,0.0,0.0,0.0,0.0,0.0,0.0,0.0,0.0,0.0
2248,0.0,0.0,0.0,0.0,0.0,0.0,0.0,0.0,0.0
2249,0.0,0.0,0.0,0.0,0.0,0.0,0.0,0.0,0.0
2250,0.0,0.0,0.0,0.0,0.0,0.0,0.0,0.0,0.0
2251,0.0,0.0,0.0,0.0,0.0,0.0,0.0,0.0,0.0
2252,0.0,0.0,0.0,0.0,0.0,0.0,0.0,0.0,0.0
2253,0.0,0.0,0.0,0.0,0.0,0.0,0.0,0.0,0.0
2254,0.0,0.0,0.0,0.0,0.0,0.0,0.0,0.0,0.0
2255,0.0,0.0,0.0,0.0,0.0,0.0,0.0,0.0,0.0
2256,0.0,0.0,0.0,0.0,0.0,0.0,0.0,0.0,0.0
2257,0.0,0.0,0.0,0.0,0.0,0.0,0.0,0.0,0.0
2258,0.0,0.0,0.0,0.0,0.0,0.0,0.0,0.0,0.0
2259,0.0,0.0,0.0,0.0,0.0,0.0,0.0,0.0,0.0
2260,0.0,0.0,0.0,0.0,0.0,0.0,0.0,0.0,0.0
2261,0.0,0.0,0.0,0.0,0.0,0.0,0.0,0.0,0.0
2262,0.0,0.0,0.0,0.0,0.0,0.0,0.0,0.0,0.0
2263,0.0,0.0,0.0,0.0,0.0,0.0,0.0,0.0,0.0
2264,0.0,0.0,0.0,0.0,0.0,0.0,0.0,0.0,0.0
2265,0.0,0.0,0.0,0.0,0.0,0.0,0.0,0.0,0.0
2266,0.0,0.0,0.0,0.0,0.0,0.0,0.0,0.0,0.0
2267,0.0,0.0,0.0,0.0,0.0,0.0,0.0,0.0,0.0
2268,0.0,0.0,0.0,0.0,0.0,0.0,0.0,0.0,0.0
2269,0.0,0.0,0.0,0.0,0.0,0.0,0.0,0.0,0.0
2270,0.0,0.0,0.0,0.0,0.0,0.0,0.0,0.0,0.0
2271,0.0,0.0,0.0,0.0,0.0,0.0,0.0,0.0,0.0
2272,0.0,0.0,0.0,0.0,0.0,0.0,0.0,0.0,0.0
2273,0.0,0.0,0.0,0.0,0.0,0.0,0.0,0.0,0.0
2274,0.0,0.0,0.0,0.0,0.0,0.0,0.0,0.0,0.0
2275,0.0,0.0,0.0,0.0,0.0,0.0,0.0,0.0,0.0
2276,0.0,0.0,0.0,0.0,0.0,0.0,0.0,0.0,0.0
2277,0.0,0.0,0.0,0.0,0.0,0.0,0.0,0.0,0.0
2278,0.0,0.0,0.0,0.0,0.0,0.0,0.0,0.0,0.0
2279,0.0,0.0,0.0,0.0,0.0,0.0,0.0,0.0,0.0
2280,0.0,0.0,0.0,0.0,0.0,0.0,0.0,0.0,0.0
2281,0.0,0.0,0.0,0.0,0.0,0.0,0.0,0.0,0.0
2282,0.0,0.0,0.0,0.0,0.0,0.0,0.0,0.0,0.0
2283,0.0,0.0,0.0,0.0,0.0,0.0,0.0,0.0,0.0
2284,0.0,0.0,0.0,0.0,0.0,0.0,0.0,0.0,0.0
2285,0.0,0.0,0.0,0.0,0.0,0.0,0.0,0.0,0.0
2286,0.0,0.0,0.0,0.0,0.0,0.0,0.0,0.0,0.0
2287,0.0,0.0,0.0,0.0,0.0,0.0,0.0,0.0,0.0
2288,0.0,0.0,0.0,0.0,0.0,0.0,0.0,0.0,0.0
2289,0.0,0.0,0.0,0.0,0.0,0.0,0.0,0.0,0.0
2290,0.0,0.0,0.0,0.0,0.0,0.0,0.0,0.0,0.0
2291,0.0,0.0,0.0,0.0,0.0,0.0,0.0,0.0,0.0
2292,0.0,0.0,0.0,0.0,0.0,0.0,0.0,0.0,0.0
2293,0.0,0.0,0.0,0.0,0.0,0.0,0.0,0.0,0.0
2294,0.0,0.0,0.0,0.0,0.0,0.0,0.0,0.0,0.0
2295,0.0,0.0,0.0,0.0,0.0,0.0,0.0,0.0,0.0
2296,0.0,0.0,0.0,0.0,0.0,0.0,0.0,0.0,0.0
2297,0.0,0.0,0.0,0.0,0.0,0.0,0.0,0.0,0.0
2298,0.0,0.0,0.0,0.0,0.0,0.0,0.0,0.0,0.0
2299,0.0,0.0,0.0,0.0,0.0,0.0,0.0,0.0,0.0
2300,0.0,0.0,0.0,0.0,0.0,0.0,0.0,0.0,0.0
2301,0.0,0.0,0.0,0.0,0.0,0.0,0.0,0.0,0.0
2302,0.0,0.0,0.0,0.0,0.0,0.0,0.0,0.0,0.0
2303,0.0,0.0,0.0,0.0,0.0,0.0,0.0,0.0,0.0
2304,0.0,0.0,0.0,0.0,0.0,0.0,0.0,0.0,0.0
2305,0.0,0.0,0.0,0.0,0.0,0.0,0.0,0.0,0.0
2306,0.0,0.0,0.0,0.0,0.0,0.0,0.0,0.0,0.0
2307,0.0,0.0,0.0,0.0,0.0,0.0,0.0,0.0,0.0
2308,0.0,0.0,0.0,0.0,0.0,0.0,0.0,0.0,0.0
2309,0.0,0.0,0.0,0.0,0.0,0.0,0.0,0.0,0.0
2310,0.0,0.0,0.0,0.0,0.0,0.0,0.0,0.0,0.0
2311,0.0,0.0,0.0,0.0,0.0,0.0,0.0,0.0,0.0
2312,0.0,0.0,0.0,0.0,0.0,0.0,0.0,0.0,0.0
2313,0.0,0.0,0.0,0.0,0.0,0.0,0.0,0.0,0.0
2314,0.0,0.0,0.0,0.0,0.0,0.0,0.0,0.0,0.0
2315,0.0,0.0,0.0,0.0,0.0,0.0,0.0,0.0,0.0
2316,0.0,0.0,0.0,0.0,0.0,0.0,0.0,0.0,0.0
2317,0.0,0.0,0.0,0.0,0.0,0.0,0.0,0.0,0.0
2318,0.0,0.0,0.0,0.0,0.0,0.0,0.0,0.0,0.0
2319,0.0,0.0,0.0,0.0,0.0,0.0,0.0,0.0,0.0
2320,0.0,0.0,0.0,0.0,0.0,0.0,0.0,0.0,0.0
2321,0.0,0.0,0.0,0.0,0.0,0.0,0.0,0.0,0.0
2322,0.0,0.0,0.0,0.0,0.0,0.0,0.0,0.0,0.0
2323,0.0,0.0,0.0,0.0,0.0,0.0,0.0,0.0,0.0
2324,0.0,0.0,0.0,0.0,0.0,0.0,0.0,0.0,0.0
2325,0.0,0.0,0.0,0.0,0.0,0.0,0.0,0.0,0.0
2326,0.0,0.0,0.0,0.0,0.0,0.0,0.0,0.0,0.0
2327,0.0,0.0,0.0,0.0,0.0,0.0,0.0,0.0,0.0
2328,0.0,0.0,0.0,0.0,0.0,0.0,0.0,0.0,0.0
2329,0.0,0.0,0.0,0.0,0.0,0.0,0.0,0.0,0.0
2330,0.0,0.0,0.0,0.0,0.0,0.0,0.0,0.0,0.0
2331,0.0,0.0,0.0,0.0,0.0,0.0,0.0,0.0,0.0
2332,0.0,0.0,0.0,0.0,0.0,0.0,0.0,0.0,0.0
2333,0.0,0.0,0.0,0.0,0.0,0.0,0.0,0.0,0.0
2334,0.0,0.0,0.0,0.0,0.0,0.0,0.0,0.0,0.0
2335,0.0,0.0,0.0,0.0,0.0,0.0,0.0,0.0,0.0
2336,0.0,0.0,0.0,0.0,0.0,0.0,0.0,0.0,0.0
2337,0.0,0.0,0.0,0.0,0.0,0.0,0.0,0.0,0.0
2338,0.0,0.0,0.0,0.0,0.0,0.0,0.0,0.0,0.0
2339,0.0,0.0,0.0,0.0,0.0,0.0,0.0,0.0,0.0
2340,0.0,0.0,0.0,0.0,0.0,0.0,0.0,0.0,0.0
2341,0.0,0.0,0.0,0.0,0.0,0.0,0.0,0.0,0.0
2342,0.0,0.0,0.0,0.0,0.0,0.0,0.0,0.0,0.0
2343,0.0,0.0,0.0,0.0,0.0,0.0,0.0,0.0,0.0
2344,0.0,0.0,0.0,0.0,0.0,0.0,0.0,0.0,0.0
2345,0.0,0.0,0.0,0.0,0.0,0.0,0.0,0.0,0.0
2346,0.0,0.0,0.0,0.0,0.0,0.0,0.0,0.0,0.0
2347,0.0,0.0,0.0,0.0,0.0,0.0,0.0,0.0,0.0
2348,0.0,0.0,0.0,0.0,0.0,0.0,0.0,0.0,0.0
2349,0.0,0.0,0.0,0.0,0.0,0.0,0.0,0.0,0.0
2350,0.0,0.0,0.0,0.0,0.0,0.0,0.0,0.0,0.0
2351,0.0,0.0,0.0,0.0,0.0,0.0,0.0,0.0,0.0
2352,0.0,0.0,0.0,0.0,0.0,0.0,0.0,0.0,0.0
2353,0.0,0.0,0.0,0.0,0.0,0.0,0.0,0.0,0.0
2354,0.0,0.0,0.0,0.0,0.0,0.0,0.0,0.0,0.0
2355,0.0,0.0,0.0,0.0,0.0,0.0,0.0,0.0,0.0
2356,0.0,0.0,0.0,0.0,0.0,0.0,0.0,0.0,0.0
2357,0.0,0.0,0.0,0.0,0.0,0.0,0.0,0.0,0.0
2358,0.0,0.0,0.0,0.0,0.0,0.0,0.0,0.0,0.0
2359,0.0,0.0,0.0,0.0,0.0,0.0,0.0,0.0,0.0
2360,0.0,0.0,0.0,0.0,0.0,0.0,0.0,0.0,0.0
2361,0.0,0.0,0.0,0.0,0.0,0.0,0.0,0.0,0.0
2362,0.0,0.0,0.0,0.0,0.0,0.0,0.0,0.0,0.0
2363,0.0,0.0,0.0,0.0,0.0,0.0,0.0,0.0,0.0
2364,0.0,0.0,0.0,0.0,0.0,0.0,0.0,0.0,0.0
2365,0.0,0.0,0.0,0.0,0.0,0.0,0.0,0.0,0.0
2366,0.0,0.0,0.0,0.0,0.0,0.0,0.0,0.0,0.0
2367,0.0,0.0,0.0,0.0,0.0,0.0,0.0,0.0,0.0
2368,0.0,0.0,0.0,0.0,0.0,0.0,0.0,0.0,0.0
2369,0.0,0.0,0.0,0.0,0.0,0.0,0.0,0.0,0.0
2370,0.0,0.0,0.0,0.0,0.0,0.0,0.0,0.0,0.0
2371,0.0,0.0,0.0,0.0,0.0,0.0,0.0,0.0,0.0
2372,0.0,0.0,0.0,0.0,0.0,0.0,0.0,0.0,0.0
2373,0.0,0.0,0.0,0.0,0.0,0.0,0.0,0.0,0.0
2374,0.0,0.0,0.0,0.0,0.0,0.0,0.0,0.0,0.0
2375,0.0,0.0,0.0,0.0,0.0,0.0,0.0,0.0,0.0
2376,0.0,0.0,0.0,0.0,0.0,0.0,0.0,0.0,0.0
2377,0.0,0.0,0.0,0.0,0.0,0.0,0.0,0.0,0.0
2378,0.0,0.0,0.0,0.0,0.0,0.0,0.0,0.0,0.0
2379,0.0,0.0,0.0,0.0,0.0,0.0,0.0,0.0,0.0
2380,0.0,0.0,0.0,0.0,0.0,0.0,0.0,0.0,0.0
2381,0.0,0.0,0.0,0.0,0.0,0.0,0.0,0.0,0.0
2382,0.0,0.0,0.0,0.0,0.0,0.0,0.0,0.0,0.0
2383,0.0,0.0,0.0,0.0,0.0,0.0,0.0,0.0,0.0
2384,0.0,0.0,0.0,0.0,0.0,0.0,0.0,0.0,0.0
2385,0.0,0.0,0.0,0.0,0.0,0.0,0.0,0.0,0.0
2386,0.0,0.0,0.0,0.0,0.0,0.0,0.0,0.0,0.0
2387,0.0,0.0,0.0,0.0,0.0,0.0,0.0,0.0,0.0
2388,0.0,0.0,0.0,0.0,0.0,0.0,0.0,0.0,0.0
2389,0.0,0.0,0.0,0.0,0.0,0.0,0.0,0.0,0.0
2390,0.0,0.0,0.0,0.0,0.0,0.0,0.0,0.0,0.0
2391,0.0,0.0,0.0,0.0,0.0,0.0,0.0,0.0,0.0
2392,0.0,0.0,0.0,0.0,0.0,0.0,0.0,0.0,0.0
2393,0.0,0.0,0.0,0.0,0.0,0.0,0.0,0.0,0.0
2394,0.0,0.0,0.0,0.0,0.0,0.0,0.0,0.0,0.0
2395,0.0,0.0,0.0,0.0,0.0,0.0,0.0,0.0,0.0
2396,0.0,0.0,0.0,0.0,0.0,0.0,0.0,0.0,0.0
2397,0.0,0.0,0.0,0.0,0.0,0.0,0.0,0.0,0.0
2398,0.0,0.0,0.0,0.0,0.0,0.0,0.0,0.0,0.0
2399,0.0,0.0,0.0,0.0,0.0,0.0,0.0,0.0,0.0
2400,0.0,0.0,0.0,0.0,0.0,0.0,0.0,0.0,0.0
2401,0.0,0.0,0.0,0.0,0.0,0.0,0.0,0.0,0.0
2402,0.0,0.0,0.0,0.0,0.0,0.0,0.0,0.0,0.0
2403,0.0,0.0,0.0,0.0,0.0,0.0,0.0,0.0,0.0
2404,0.0,0.0,0.0,0.0,0.0,0.0,0.0,0.0,0.0
2405,0.0,0.0,0.0,0.0,0.0,0.0,0.0,0.0,0.0
2406,0.0,0.0,0.0,0.0,0.0,0.0,0.0,0.0,0.0
2407,0.0,0.0,0.0,0.0,0.0,0.0,0.0,0.0,0.0
2408,0.0,0.0,0.0,0.0,0.0,0.0,0.0,0.0,0.0
2409,0.0,0.0,0.0,0.0,0.0,0.0,0.0,0.0,0.0
2410,0.0,0.0,0.0,0.0,0.0,0.0,0.0,0.0,0.0
2411,0.0,0.0,0.0,0.0,0.0,0.0,0.0,0.0,0.0
2412,0.0,0.0,0.0,0.0,0.0,0.0,0.0,0.0,0.0
2413,0.0,0.0,0.0,0.0,0.0,0.0,0.0,0.0,0.0
2414,0.0,0.0,0.0,0.0,0.0,0.0,0.0,0.0,0.0
2415,0.0,0.0,0.0,0.0,0.0,0.0,0.0,0.0,0.0
2416,0.0,0.0,0.0,0.0,0.0,0.0,0.0,0.0,0.0
2417,0.0,0.0,0.0,0.0,0.0,0.0,0.0,0.0,0.0
2418,0.0,0.0,0.0,0.0,0.0,0.0,0.0,0.0,0.0
2419,0.0,0.0,0.0,0.0,0.0,0.0,0.0,0.0,0.0
2420,0.0,0.0,0.0,0.0,0.0,0.0,0.0,0.0,0.0
2421,0.0,0.0,0.0,0.0,0.0,0.0,0.0,0.0,0.0
2422,0.0,0.0,0.0,0.0,0.0,0.0,0.0,0.0,0.0
2423,0.0,0.0,0.0,0.0,0.0,0.0,0.0,0.0,0.0
2424,0.0,0.0,0.0,0.0,0.0,0.0,0.0,0.0,0.0
2425,0.0,0.0,0.0,0.0,0.0,0.0,0.0,0.0,0.0
2426,0.0,0.0,0.0,0.0,0.0,0.0,0.0,0.0,0.0
2427,0.0,0.0,0.0,0.0,0.0,0.0,0.0,0.0,0.0
2428,0.0,0.0,0.0,0.0,0.0,0.0,0.0,0.0,0.0
2429,0.0,0.0,0.0,0.0,0.0,0.0,0.0,0.0,0.0
2430,0.0,0.0,0.0,0.0,0.0,0.0,0.0,0.0,0.0
2431,0.0,0.0,0.0,0.0,0.0,0.0,0.0,0.0,0.0
2432,0.0,0.0,0.0,0.0,0.0,0.0,0.0,0.0,0.0
2433,0.0,0.0,0.0,0.0,0.0,0.0,0.0,0.0,0.0
2434,0.0,0.0,0.0,0.0,0.0,0.0,0.0,0.0,0.0
2435,0.0,0.0,0.0,0.0,0.0,0.0,0.0,0.0,0.0
2436,0.0,0.0,0.0,0.0,0.0,0.0,0.0,0.0,0.0
2437,0.0,0.0,0.0,0.0,0.0,0.0,0.0,0.0,0.0
2438,0.0,0.0,0.0,0.0,0.0,0.0,0.0,0.0,0.0
2439,0.0,0.0,0.0,0.0,0.0,0.0,0.0,0.0,0.0
2440,0.0,0.0,0.0,0.0,0.0,0.0,0.0,0.0,0.0
2441,0.0,0.0,0.0,0.0,0.0,0.0,0.0,0.0,0.0
2442,0.0,0.0,0.0,0.0,0.0,0.0,0.0,0.0,0.0
2443,0.0,0.0,0.0,0.0,0.0,0.0,0.0,0.0,0.0
2444,0.0,0.0,0.0,0.0,0.0,0.0,0.0,0.0,0.0
2445,0.0,0.0,0.0,0.0,0.0,0.0,0.0,0.0,0.0
2446,0.0,0.0,0.0,0.0,0.0,0.0,0.0,0.0,0.0
2447,0.0,0.0,0.0,0.0,0.0,0.0,0.0,0.0,0.0
2448,0.0,0.0,0.0,0.0,0.0,0.0,0.0,0.0,0.0
2449,0.0,0.0,0.0,0.0,0.0,0.0,0.0,0.0,0.0
2450,0.0,0.0,0.0,0.0,0.0,0.0,0.0,0.0,0.0
2451,0.0,0.0,0.0,0.0,0.0,0.0,0.0,0.0,0.0
2452,0.0,0.0,0.0,0.0,0.0,0.0,0.0,0.0,0.0
2453,0.0,0.0,0.0,0.0,0.0,0.0,0.0,0.0,0.0
2454,0.0,0.0,0.0,0.0,0.0,0.0,0.0,0.0,0.0
2455,0.0,0.0,0.0,0.0,0.0,0.0,0.0,0.0,0.0
2456,0.0,0.0,0.0,0.0,0.0,0.0,0.0,0.0,0.0
2457,0.0,0.0,0.0,0.0,0.0,0.0,0.0,0.0,0.0
2458,0.0,0.0,0.0,0.0,0.0,0.0,0.0,0.0,0.0
2459,0.0,0.0,0.0,0.0,0.0,0.0,0.0,0.0,0.0
2460,0.0,0.0,0.0,0.0,0.0,0.0,0.0,0.0,0.0
2461,0.0,0.0,0.0,0.0,0.0,0.0,0.0,0.0,0.0
2462,0.0,0.0,0.0,0.0,0.0,0.0,0.0,0.0,0.0
2463,0.0,0.0,0.0,0.0,0.0,0.0,0.0,0.0,0.0
2464,0.0,0.0,0.0,0.0,0.0,0.0,0.0,0.0,0.0
2465,0.0,0.0,0.0,0.0,0.0,0.0,0.0,0.0,0.0
2466,0.0,0.0,0.0,0.0,0.0,0.0,0.0,0.0,0.0
2467,0.0,0.0,0.0,0.0,0.0,0.0,0.0,0.0,0.0
2468,0.0,0.0,0.0,0.0,0.0,0.0,0.0,0.0,0.0
2469,0.0,0.0,0.0,0.0,0.0,0.0,0.0,0.0,0.0
2470,0.0,0.0,0.0,0.0,0.0,0.0,0.0,0.0,0.0
2471,0.0,0.0,0.0,0.0,0.0,0.0,0.0,0.0,0.0
2472,0.0,0.0,0.0,0.0,0.0,0.0,0.0,0.0,0.0
2473,0.0,0.0,0.0,0.0,0.0,0.0,0.0,0.0,0.0
2474,0.0,0.0,0.0,0.0,0.0,0.0,0.0,0.0,0.0
2475,0.0,0.0,0.0,0.0,0.0,0.0,0.0,0.0,0.0
2476,0.0,0.0,0.0,0.0,0.0,0.0,0.0,0.0,0.0
2477,0.0,0.0,0.0,0.0,0.0,0.0,0.0,0.0,0.0
2478,0.0,0.0,0.0,0.0,0.0,0.0,0.0,0.0,0.0
2479,0.0,0.0,0.0,0.0,0.0,0.0,0.0,0.0,0.0
2480,0.0,0.0,0.0,0.0,0.0,0.0,0.0,0.0,0.0
2481,0.0,0.0,0.0,0.0,0.0,0.0,0.0,0.0,0.0
2482,0.0,0.0,0.0,0.0,0.0,0.0,0.0,0.0,0.0
2483,0.0,0.0,0.0,0.0,0.0,0.0,0.0,0.0,0.0
2484,0.0,0.0,0.0,0.0,0.0,0.0,0.0,0.0,0.0
2485,0.0,0.0,0.0,0.0,0.0,0.0,0.0,0.0,0.0
2486,0.0,0.0,0.0,0.0,0.0,0.0,0.0,0.0,0.0
2487,0.0,0.0,0.0,0.0,0.0,0.0,0.0,0.0,0.0
2488,0.0,0.0,0.0,0.0,0.0,0.0,0.0,0.0,0.0
2489,0.0,0.0,0.0,0.0,0.0,0.0,0.0,0.0,0.0
2490,0.0,0.0,0.0,0.0,0.0,0.0,0.0,0.0,0.0
2491,0.0,0.0,0.0,0.0,0.0,0.0,0.0,0.0,0.0
2492,0.0,0.0,0.0,0.0,0.0,0.0,0.0,0.0,0.0
2493,0.0,0.0,0.0,0.0,0.0,0.0,0.0,0.0,0.0
2494,0.0,0.0,0.0,0.0,0.0,0.0,0.0,0.0,0.0
2495,0.0,0.0,0.0,0.0,0.0,0.0,0.0,0.0,0.0
2496,0.0,0.0,0.0,0.0,0.0,0.0,0.0,0.0,0.0
2497,0.0,0.0,0.0,0.0,0.0,0.0,0.0,0.0,0.0
2498,0.0,0.0,0.0,0.0,0.0,0.0,0.0,0.0,0.0
2499,0.0,0.0,0.0,0.0,0.0,0.0,0.0,0.0,0.0
2500,0.0,0.0,0.0,0.0,0.0,0.0,0.0,0.0,0.0
2501,0.0,0.0,0.0,0.0,0.0,0.0,0.0,0.0,0.0
2502,0.0,0.0,0.0,0.0,0.0,0.0,0.0,0.0,0.0
2503,0.0,0.0,0.0,0.0,0.0,0.0,0.0,0.0,0.0
2504,0.0,0.0,0.0,0.0,0.0,0.0,0.0,0.0,0.0
2505,0.0,0.0,0.0,0.0,0.0,0.0,0.0,0.0,0.0
2506,0.0,0.0,0.0,0.0,0.0,0.0,0.0,0.0,0.0
2507,0.0,0.0,0.0,0.0,0.0,0.0,0.0,0.0,0.0
2508,0.0,0.0,0.0,0.0,0.0,0.0,0.0,0.0,0.0
2509,0.0,0.0,0.0,0.0,0.0,0.0,0.0,0.0,0.0
2510,0.0,0.0,0.0,0.0,0.0,0.0,0.0,0.0,0.0
2511,0.0,0.0,0.0,0.0,0.0,0.0,0.0,0.0,0.0
2512,0.0,0.0,0.0,0.0,0.0,0.0,0.0,0.0,0.0
2513,0.0,0.0,0.0,0.0,0.0,0.0,0.0,0.0,0.0
2514,0.0,0.0,0.0,0.0,0.0,0.0,0.0,0.0,0.0
2515,0.0,0.0,0.0,0.0,0.0,0.0,0.0,0.0,0.0
2516,0.0,0.0,0.0,0.0,0.0,0.0,0.0,0.0,0.0
2517,0.0,0.0,0.0,0.0,0.0,0.0,0.0,0.0,0.0
2518,0.0,0.0,0.0,0.0,0.0,0.0,0.0,0.0,0.0
2519,0.0,0.0,0.0,0.0,0.0,0.0,0.0,0.0,0.0
2520,0.0,0.0,0.0,0.0,0.0,0.0,0.0,0.0,0.0
2521,0.0,0.0,0.0,0.0,0.0,0.0,0.0,0.0,0.0
2522,0.0,0.0,0.0,0.0,0.0,0.0,0.0,0.0,0.0
2523,0.0,0.0,0.0,0.0,0.0,0.0,0.0,0.0,0.0
2524,0.0,0.0,0.0,0.0,0.0,0.0,0.0,0.0,0.0
2525,0.0,0.0,0.0,0.0,0.0,0.0,0.0,0.0,0.0
2526,0.0,0.0,0.0,0.0,0.0,0.0,0.0,0.0,0.0
2527,0.0,0.0,0.0,0.0,0.0,0.0,0.0,0.0,0.0
2528,0.0,0.0,0.0,0.0,0.0,0.0,0.0,0.0,0.0
2529,0.0,0.0,0.0,0.0,0.0,0.0,0.0,0.0,0.0
2530,0.0,0.0,0.0,0.0,0.0,0.0,0.0,0.0,0.0
2531,0.0,0.0,0.0,0.0,0.0,0.0,0.0,0.0,0.0
2532,0.0,0.0,0.0,0.0,0.0,0.0,0.0,0.0,0.0
2533,0.0,0.0,0.0,0.0,0.0,0.0,0.0,0.0,0.0
2534,0.0,0.0,0.0,0.0,0.0,0.0,0.0,0.0,0.0
2535,0.0,0.0,0.0,0.0,0.0,0.0,0.0,0.0,0.0
2536,0.0,0.0,0.0,0.0,0.0,0.0,0.0,0.0,0.0
2537,0.0,0.0,0.0,0.0,0.0,0.0,0.0,0.0,0.0
2538,0.0,0.0,0.0,0.0,0.0,0.0,0.0,0.0,0.0
2539,0.0,0.0,0.0,0.0,0.0,0.0,0.0,0.0,0.0
2540,0.0,0.0,0.0,0.0,0.0,0.0,0.0,0.0,0.0
2541,0.0,0.0,0.0,0.0,0.0,0.0,0.0,0.0,0.0
2542,0.0,0.0,0.0,0.0,0.0,0.0,0.0,0.0,0.0
2543,0.0,0.0,0.0,0.0,0.0,0.0,0.0,0.0,0.0
2544,0.0,0.0,0.0,0.0,0.0,0.0,0.0,0.0,0.0
2545,0.0,0.0,0.0,0.0,0.0,0.0,0.0,0.0,0.0
2546,0.0,0.0,0.0,0.0,0.0,0.0,0.0,0.0,0.0
2547,0.0,0.0,0.0,0.0,0.0,0.0,0.0,0.0,0.0
2548,0.0,0.0,0.0,0.0,0.0,0.0,0.0,0.0,0.0
2549,0.0,0.0,0.0,0.0,0.0,0.0,0.0,0.0,0.0
2550,0.0,0.0,0.0,0.0,0.0,0.0,0.0,0.0,0.0
2551,0.0,0.0,0.0,0.0,0.0,0.0,0.0,0.0,0.0
2552,0.0,0.0,0.0,0.0,0.0,0.0,0.0,0.0,0.0
2553,0.0,0.0,0.0,0.0,0.0,0.0,0.0,0.0,0.0
2554,0.0,0.0,0.0,0.0,0.0,0.0,0.0,0.0,0.0
2555,0.0,0.0,0.0,0.0,0.0,0.0,0.0,0.0,0.0
2556,0.0,0.0,0.0,0.0,0.0,0.0,0.0,0.0,0.0
2557,0.0,0.0,0.0,0.0,0.0,0.0,0.0,0.0,0.0
2558,0.0,0.0,0.0,0.0,0.0,0.0,0.0,0.0,0.0
2559,0.0,0.0,0.0,0.0,0.0,0.0,0.0,0.0,0.0
2560,0.0,0.0,0.0,0.0,0.0,0.0,0.0,0.0,0.0
2561,0.0,0.0,0.0,0.0,0.0,0.0,0.0,0.0,0.0
2562,0.0,0.0,0.0,0.0,0.0,0.0,0.0,0.0,0.0
2563,0.0,0.0,0.0,0.0,0.0,0.0,0.0,0.0,0.0
2564,0.0,0.0,0.0,0.0,0.0,0.0,0.0,0.0,0.0
2565,0.0,0.0,0.0,0.0,0.0,0.0,0.0,0.0,0.0
2566,0.0,0.0,0.0,0.0,0.0,0.0,0.0,0.0,0.0
2567,0.0,0.0,0.0,0.0,0.0,0.0,0.0,0.0,0.0
2568,0.0,0.0,0.0,0.0,0.0,0.0,0.0,0.0,0.0
2569,0.0,0.0,0.0,0.0,0.0,0.0,0.0,0.0,0.0
2570,0.0,0.0,0.0,0.0,0.0,0.0,0.0,0.0,0.0
2571,0.0,0.0,0.0,0.0,0.0,0.0,0.0,0.0,0.0
2572,0.0,0.0,0.0,0.0,0.0,0.0,0.0,0.0,0.0
2573,0.0,0.0,0.0,0.0,0.0,0.0,0.0,0.0,0.0
2574,0.0,0.0,0.0,0.0,0.0,0.0,0.0,0.0,0.0
2575,0.0,0.0,0.0,0.0,0.0,0.0,0.0,0.0,0.0
2576,0.0,0.0,0.0,0.0,0.0,0.0,0.0,0.0,0.0
2577,0.0,0.0,0.0,0.0,0.0,0.0,0.0,0.0,0.0
2578,0.0,0.0,0.0,0.0,0.0,0.0,0.0,0.0,0.0
2579,0.0,0.0,0.0,0.0,0.0,0.0,0.0,0.0,0.0
2580,0.0,0.0,0.0,0.0,0.0,0.0,0.0,0.0,0.0
2581,0.0,0.0,0.0,0.0,0.0,0.0,0.0,0.0,0.0
2582,0.0,0.0,0.0,0.0,0.0,0.0,0.0,0.0,0.0
2583,0.0,0.0,0.0,0.0,0.0,0.0,0.0,0.0,0.0
2584,0.0,0.0,0.0,0.0,0.0,0.0,0.0,0.0,0.0
2585,0.0,0.0,0.0,0.0,0.0,0.0,0.0,0.0,0.0
2586,0.0,0.0,0.0,0.0,0.0,0.0,0.0,0.0,0.0
2587,0.0,0.0,0.0,0.0,0.0,0.0,0.0,0.0,0.0
2588,0.0,0.0,0.0,0.0,0.0,0.0,0.0,0.0,0.0
2589,0.0,0.0,0.0,0.0,0.0,0.0,0.0,0.0,0.0
2590,0.0,0.0,0.0,0.0,0.0,0.0,0.0,0.0,0.0
2591,0.0,0.0,0.0,0.0,0.0,0.0,0.0,0.0,0.0
2592,0.0,0.0,0.0,0.0,0.0,0.0,0.0,0.0,0.0
2593,0.0,0.0,0.0,0.0,0.0,0.0,0.0,0.0,0.0
2594,0.0,0.0,0.0,0.0,0.0,0.0,0.0,0.0,0.0
2595,0.0,0.0,0.0,0.0,0.0,0.0,0.0,0.0,0.0
2596,0.0,0.0,0.0,0.0,0.0,0.0,0.0,0.0,0.0
2597,0.0,0.0,0.0,0.0,0.0,0.0,0.0,0.0,0.0
2598,0.0,0.0,0.0,0.0,0.0,0.0,0.0,0.0,0.0
2599,0.0,0.0,0.0,0.0,0.0,0.0,0.0,0.0,0.0
2600,0.0,0.0,0.0,0.0,0.0,0.0,0.0,0.0,0.0
2601,0.0,0.0,0.0,0.0,0.0,0.0,0.0,0.0,0.0
2602,0.0,0.0,0.0,0.0,0.0,0.0,0.0,0.0,0.0
2603,0.0,0.0,0.0,0.0,0.0,0.0,0.0,0.0,0.0
2604,0.0,0.0,0.0,0.0,0.0,0.0,0.0,0.0,0.0
2605,0.0,0.0,0.0,0.0,0.0,0.0,0.0,0.0,0.0
2606,0.0,0.0,0.0,0.0,0.0,0.0,0.0,0.0,0.0
2607,0.0,0.0,0.0,0.0,0.0,0.0,0.0,0.0,0.0
2608,0.0,0.0,0.0,0.0,0.0,0.0,0.0,0.0,0.0
2609,0.0,0.0,0.0,0.0,0.0,0.0,0.0,0.0,0.0
2610,0.0,0.0,0.0,0.0,0.0,0.0,0.0,0.0,0.0
2611,0.0,0.0,0.0,0.0,0.0,0.0,0.0,0.0,0.0
2612,0.0,0.0,0.0,0.0,0.0,0.0,0.0,0.0,0.0
2613,0.0,0.0,0.0,0.0,0.0,0.0,0.0,0.0,0.0
2614,0.0,0.0,0.0,0.0,0.0,0.0,0.0,0.0,0.0
2615,0.0,0.0,0.0,0.0,0.0,0.0,0.0,0.0,0.0
2616,0.0,0.0,0.0,0.0,0.0,0.0,0.0,0.0,0.0
2617,0.0,0.0,0.0,0.0,0.0,0.0,0.0,0.0,0.0
2618,0.0,0.0,0.0,0.0,0.0,0.0,0.0,0.0,0.0
2619,0.0,0.0,0.0,0.0,0.0,0.0,0.0,0.0,0.0
2620,0.0,0.0,0.0,0.0,0.0,0.0,0.0,0.0,0.0
2621,0.0,0.0,0.0,0.0,0.0,0.0,0.0,0.0,0.0
2622,0.0,0.0,0.0,0.0,0.0,0.0,0.0,0.0,0.0
2623,0.0,0.0,0.0,0.0,0.0,0.0,0.0,0.0,0.0
2624,0.0,0.0,0.0,0.0,0.0,0.0,0.0,0.0,0.0
2625,0.0,0.0,0.0,0.0,0.0,0.0,0.0,0.0,0.0
2626,0.0,0.0,0.0,0.0,0.0,0.0,0.0,0.0,0.0
2627,0.0,0.0,0.0,0.0,0.0,0.0,0.0,0.0,0.0
2628,0.0,0.0,0.0,0.0,0.0,0.0,0.0,0.0,0.0
2629,0.0,0.0,0.0,0.0,0.0,0.0,0.0,0.0,0.0
2630,0.0,0.0,0.0,0.0,0.0,0.0,0.0,0.0,0.0
2631,0.0,0.0,0.0,0.0,0.0,0.0,0.0,0.0,0.0
2632,0.0,0.0,0.0,0.0,0.0,0.0,0.0,0.0,0.0
2633,0.0,0.0,0.0,0.0,0.0,0.0,0.0,0.0,0.0
2634,0.0,0.0,0.0,0.0,0.0,0.0,0.0,0.0,0.0
2635,0.0,0.0,0.0,0.0,0.0,0.0,0.0,0.0,0.0
2636,0.0,0.0,0.0,0.0,0.0,0.0,0.0,0.0,0.0
2637,0.0,0.0,0.0,0.0,0.0,0.0,0.0,0.0,0.0
2638,0.0,0.0,0.0,0.0,0.0,0.0,0.0,0.0,0.0
2639,0.0,0.0,0.0,0.0,0.0,0.0,0.0,0.0,0.0
2640,0.0,0.0,0.0,0.0,0.0,0.0,0.0,0.0,0.0
2641,0.0,0.0,0.0,0.0,0.0,0.0,0.0,0.0,0.0
2642,0.0,0.0,0.0,0.0,0.0,0.0,0.0,0.0,0.0
2643,0.0,0.0,0.0,0.0,0.0,0.0,0.0,0.0,0.0
2644,0.0,0.0,0.0,0.0,0.0,0.0,0.0,0.0,0.0
2645,0.0,0.0,0.0,0.0,0.0,0.0,0.0,0.0,0.0
2646,0.0,0.0,0.0,0.0,0.0,0.0,0.0,0.0,0.0
2647,0.0,0.0,0.0,0.0,0.0,0.0,0.0,0.0,0.0
2648,0.0,0.0,0.0,0.0,0.0,0.0,0.0,0.0,0.0
2649,0.0,0.0,0.0,0.0,0.0,0.0,0.0,0.0,0.0
2650,0.0,0.0,0.0,0.0,0.0,0.0,0.0,0.0,0.0
2651,0.0,0.0,0.0,0.0,0.0,0.0,0.0,0.0,0.0
2652,0.0,0.0,0.0,0.0,0.0,0.0,0.0,0.0,0.0
2653,0.0,0.0,0.0,0.0,0.0,0.0,0.0,0.0,0.0
2654,0.0,0.0,0.0,0.0,0.0,0.0,0.0,0.0,0.0
2655,0.0,0.0,0.0,0.0,0.0,0.0,0.0,0.0,0.0
2656,0.0,0.0,0.0,0.0,0.0,0.0,0.0,0.0,0.0
2657,0.0,0.0,0.0,0.0,0.0,0.0,0.0,0.0,0.0
2658,0.0,0.0,0.0,0.0,0.0,0.0,0.0,0.0,0.0
2659,0.0,0.0,0.0,0.0,0.0,0.0,0.0,0.0,0.0
2660,0.0,0.0,0.0,0.0,0.0,0.0,0.0,0.0,0.0
2661,0.0,0.0,0.0,0.0,0.0,0.0,0.0,0.0,0.0
2662,0.0,0.0,0.0,0.0,0.0,0.0,0.0,0.0,0.0
2663,0.0,0.0,0.0,0.0,0.0,0.0,0.0,0.0,0.0
2664,0.0,0.0,0.0,0.0,0.0,0.0,0.0,0.0,0.0
2665,0.0,0.0,0.0,0.0,0.0,0.0,0.0,0.0,0.0
2666,0.0,0.0,0.0,0.0,0.0,0.0,0.0,0.0,0.0
2667,0.0,0.0,0.0,0.0,0.0,0.0,0.0,0.0,0.0
2668,0.0,0.0,0.0,0.0,0.0,0.0,0.0,0.0,0.0
2669,0.0,0.0,0.0,0.0,0.0,0.0,0.0,0.0,0.0
2670,0.0,0.0,0.0,0.0,0.0,0.0,0.0,0.0,0.0
2671,0.0,0.0,0.0,0.0,0.0,0.0,0.0,0.0,0.0
2672,0.0,0.0,0.0,0.0,0.0,0.0,0.0,0.0,0.0
2673,0.0,0.0,0.0,0.0,0.0,0.0,0.0,0.0,0.0
2674,0.0,0.0,0.0,0.0,0.0,0.0,0.0,0.0,0.0
2675,0.0,0.0,0.0,0.0,0.0,0.0,0.0,0.0,0.0
2676,0.0,0.0,0.0,0.0,0.0,0.0,0.0,0.0,0.0
2677,0.0,0.0,0.0,0.0,0.0,0.0,0.0,0.0,0.0
2678,0.0,0.0,0.0,0.0,0.0,0.0,0.0,0.0,0.0
2679,0.0,0.0,0.0,0.0,0.0,0.0,0.0,0.0,0.0
2680,0.0,0.0,0.0,0.0,0.0,0.0,0.0,0.0,0.0
2681,0.0,0.0,0.0,0.0,0.0,0.0,0.0,0.0,0.0
2682,0.0,0.0,0.0,0.0,0.0,0.0,0.0,0.0,0.0
2683,0.0,0.0,0.0,0.0,0.0,0.0,0.0,0.0,0.0
2684,0.0,0.0,0.0,0.0,0.0,0.0,0.0,0.0,0.0
2685,0.0,0.0,0.0,0.0,0.0,0.0,0.0,0.0,0.0
2686,0.0,0.0,0.0,0.0,0.0,0.0,0.0,0.0,0.0
2687,0.0,0.0,0.0,0.0,0.0,0.0,0.0,0.0,0.0
2688,0.0,0.0,0.0,0.0,0.0,0.0,0.0,0.0,0.0
2689,0.0,0.0,0.0,0.0,0.0,0.0,0.0,0.0,0.0
2690,0.0,0.0,0.0,0.0,0.0,0.0,0.0,0.0,0.0
2691,0.0,0.0,0.0,0.0,0.0,0.0,0.0,0.0,0.0
2692,0.0,0.0,0.0,0.0,0.0,0.0,0.0,0.0,0.0
2693,0.0,0.0,0.0,0.0,0.0,0.0,0.0,0.0,0.0
2694,0.0,0.0,0.0,0.0,0.0,0.0,0.0,0.0,0.0
2695,0.0,0.0,0.0,0.0,0.0,0.0,0.0,0.0,0.0
2696,0.0,0.0,0.0,0.0,0.0,0.0,0.0,0.0,0.0
2697,0.0,0.0,0.0,0.0,0.0,0.0,0.0,0.0,0.0
2698,0.0,0.0,0.0,0.0,0.0,0.0,0.0,0.0,0.0
2699,0.0,0.0,0.0,0.0,0.0,0.0,0.0,0.0,0.0
2700,0.0,0.0,0.0,0.0,0.0,0.0,0.0,0.0,0.0
2701,0.0,0.0,0.0,0.0,0.0,0.0,0.0,0.0,0.0
2702,0.0,0.0,0.0,0.0,0.0,0.0,0.0,0.0,0.0
2703,0.0,0.0,0.0,0.0,0.0,0.0,0.0,0.0,0.0
2704,0.0,0.0,0.0,0.0,0.0,0.0,0.0,0.0,0.0
2705,0.0,0.0,0.0,0.0,0.0,0.0,0.0,0.0,0.0
2706,0.0,0.0,0.0,0.0,0.0,0.0,0.0,0.0,0.0
2707,0.0,0.0,0.0,0.0,0.0,0.0,0.0,0.0,0.0
2708,0.0,0.0,0.0,0.0,0.0,0.0,0.0,0.0,0.0
2709,0.0,0.0,0.0,0.0,0.0,0.0,0.0,0.0,0.0
2710,0.0,0.0,0.0,0.0,0.0,0.0,0.0,0.0,0.0
2711,0.0,0.0,0.0,0.0,0.0,0.0,0.0,0.0,0.0
2712,0.0,0.0,0.0,0.0,0.0,0.0,0.0,0.0,0.0
2713,0.0,0.0,0.0,0.0,0.0,0.0,0.0,0.0,0.0
2714,0.0,0.0,0.0,0.0,0.0,0.0,0.0,0.0,0.0
2715,0.0,0.0,0.0,0.0,0.0,0.0,0.0,0.0,0.0
2716,0.0,0.0,0.0,0.0,0.0,0.0,0.0,0.0,0.0
2717,0.0,0.0,0.0,0.0,0.0,0.0,0.0,0.0,0.0
2718,0.0,0.0,0.0,0.0,0.0,0.0,0.0,0.0,0.0
2719,0.0,0.0,0.0,0.0,0.0,0.0,0.0,0.0,0.0
2720,0.0,0.0,0.0,0.0,0.0,0.0,0.0,0.0,0.0
2721,0.0,0.0,0.0,0.0,0.0,0.0,0.0,0.0,0.0
2722,0.0,0.0,0.0,0.0,0.0,0.0,0.0,0.0,0.0
2723,0.0,0.0,0.0,0.0,0.0,0.0,0.0,0.0,0.0
2724,0.0,0.0,0.0,0.0,0.0,0.0,0.0,0.0,0.0
2725,0.0,0.0,0.0,0.0,0.0,0.0,0.0,0.0,0.0
2726,0.0,0.0,0.0,0.0,0.0,0.0,0.0,0.0,0.0
2727,0.0,0.0,0.0,0.0,0.0,0.0,0.0,0.0,0.0
2728,0.0,0.0,0.0,0.0,0.0,0.0,0.0,0.0,0.0
2729,0.0,0.0,0.0,0.0,0.0,0.0,0.0,0.0,0.0
2730,0.0,0.0,0.0,0.0,0.0,0.0,0.0,0.0,0.0
2731,0.0,0.0,0.0,0.0,0.0,0.0,0.0,0.0,0.0
2732,0.0,0.0,0.0,0.0,0.0,0.0,0.0,0.0,0.0
2733,0.0,0.0,0.0,0.0,0.0,0.0,0.0,0.0,0.0
2734,0.0,0.0,0.0,0.0,0.0,0.0,0.0,0.0,0.0
2735,0.0,0.0,0.0,0.0,0.0,0.0,0.0,0.0,0.0
2736,0.0,0.0,0.0,0.0,0.0,0.0,0.0,0.0,0.0
2737,0.0,0.0,0.0,0.0,0.0,0.0,0.0,0.0,0.0
2738,0.0,0.0,0.0,0.0,0.0,0.0,0.0,0.0,0.0
2739,0.0,0.0,0.0,0.0,0.0,0.0,0.0,0.0,0.0
2740,0.0,0.0,0.0,0.0,0.0,0.0,0.0,0.0,0.0
2741,0.0,0.0,0.0,0.0,0.0,0.0,0.0,0.0,0.0
2742,0.0,0.0,0.0,0.0,0.0,0.0,0.0,0.0,0.0
2743,0.0,0.0,0.0,0.0,0.0,0.0,0.0,0.0,0.0
2744,0.0,0.0,0.0,0.0,0.0,0.0,0.0,0.0,0.0
2745,0.0,0.0,0.0,0.0,0.0,0.0,0.0,0.0,0.0
2746,0.0,0.0,0.0,0.0,0.0,0.0,0.0,0.0,0.0
2747,0.0,0.0,0.0,0.0,0.0,0.0,0.0,0.0,0.0
2748,0.0,0.0,0.0,0.0,0.0,0.0,0.0,0.0,0.0
2749,0.0,0.0,0.0,0.0,0.0,0.0,0.0,0.0,0.0
2750,0.0,0.0,0.0,0.0,0.0,0.0,0.0,0.0,0.0
2751,0.0,0.0,0.0,0.0,0.0,0.0,0.0,0.0,0.0
2752,0.0,0.0,0.0,0.0,0.0,0.0,0.0,0.0,0.0
2753,0.0,0.0,0.0,0.0,0.0,0.0,0.0,0.0,0.0
2754,0.0,0.0,0.0,0.0,0.0,0.0,0.0,0.0,0.0
2755,0.0,0.0,0.0,0.0,0.0,0.0,0.0,0.0,0.0
2756,0.0,0.0,0.0,0.0,0.0,0.0,0.0,0.0,0.0
2757,0.0,0.0,0.0,0.0,0.0,0.0,0.0,0.0,0.0
2758,0.0,0.0,0.0,0.0,0.0,0.0,0.0,0.0,0.0
2759,0.0,0.0,0.0,0.0,0.0,0.0,0.0,0.0,0.0
2760,0.0,0.0,0.0,0.0,0.0,0.0,0.0,0.0,0.0
2761,0.0,0.0,0.0,0.0,0.0,0.0,0.0,0.0,0.0
2762,0.0,0.0,0.0,0.0,0.0,0.0,0.0,0.0,0.0
2763,0.0,0.0,0.0,0.0,0.0,0.0,0.0,0.0,0.0
2764,0.0,0.0,0.0,0.0,0.0,0.0,0.0,0.0,0.0
2765,0.0,0.0,0.0,0.0,0.0,0.0,0.0,0.0,0.0
2766,0.0,0.0,0.0,0.0,0.0,0.0,0.0,0.0,0.0
2767,0.0,0.0,0.0,0.0,0.0,0.0,0.0,0.0,0.0
2768,0.0,0.0,0.0,0.0,0.0,0.0,0.0,0.0,0.0
2769,0.0,0.0,0.0,0.0,0.0,0.0,0.0,0.0,0.0
2770,0.0,0.0,0.0,0.0,0.0,0.0,0.0,0.0,0.0
2771,0.0,0.0,0.0,0.0,0.0,0.0,0.0,0.0,0.0
2772,0.0,0.0,0.0,0.0,0.0,0.0,0.0,0.0,0.0
2773,0.0,0.0,0.0,0.0,0.0,0.0,0.0,0.0,0.0
2774,0.0,0.0,0.0,0.0,0.0,0.0,0.0,0.0,0.0
2775,0.0,0.0,0.0,0.0,0.0,0.0,0.0,0.0,0.0
2776,0.0,0.0,0.0,0.0,0.0,0.0,0.0,0.0,0.0
2777,0.0,0.0,0.0,0.0,0.0,0.0,0.0,0.0,0.0
2778,0.0,0.0,0.0,0.0,0.0,0.0,0.0,0.0,0.0
2779,0.0,0.0,0.0,0.0,0.0,0.0,0.0,0.0,0.0
2780,0.0,0.0,0.0,0.0,0.0,0.0,0.0,0.0,0.0
2781,0.0,0.0,0.0,0.0,0.0,0.0,0.0,0.0,0.0
2782,0.0,0.0,0.0,0.0,0.0,0.0,0.0,0.0,0.0
2783,0.0,0.0,0.0,0.0,0.0,0.0,0.0,0.0,0.0
2784,0.0,0.0,0.0,0.0,0.0,0.0,0.0,0.0,0.0
2785,0.0,0.0,0.0,0.0,0.0,0.0,0.0,0.0,0.0
2786,0.0,0.0,0.0,0.0,0.0,0.0,0.0,0.0,0.0
2787,0.0,0.0,0.0,0.0,0.0,0.0,0.0,0.0,0.0
2788,0.0,0.0,0.0,0.0,0.0,0.0,0.0,0.0,0.0
2789,0.0,0.0,0.0,0.0,0.0,0.0,0.0,0.0,0.0
2790,0.0,0.0,0.0,0.0,0.0,0.0,0.0,0.0,0.0
2791,0.0,0.0,0.0,0.0,0.0,0.0,0.0,0.0,0.0
2792,0.0,0.0,0.0,0.0,0.0,0.0,0.0,0.0,0.0
2793,0.0,0.0,0.0,0.0,0.0,0.0,0.0,0.0,0.0
2794,0.0,0.0,0.0,0.0,0.0,0.0,0.0,0.0,0.0
2795,0.0,0.0,0.0,0.0,0.0,0.0,0.0,0.0,0.0
2796,0.0,0.0,0.0,0.0,0.0,0.0,0.0,0.0,0.0
2797,0.0,0.0,0.0,0.0,0.0,0.0,0.0,0.0,0.0
2798,0.0,0.0,0.0,0.0,0.0,0.0,0.0,0.0,0.0
2799,0.0,0.0,0.0,0.0,0.0,0.0,0.0,0.0,0.0
2800,0.0,0.0,0.0,0.0,0.0,0.0,0.0,0.0,0.0
2801,0.0,0.0,0.0,0.0,0.0,0.0,0.0,0.0,0.0
2802,0.0,0.0,0.0,0.0,0.0,0.0,0.0,0.0,0.0
2803,0.0,0.0,0.0,0.0,0.0,0.0,0.0,0.0,0.0
2804,0.0,0.0,0.0,0.0,0.0,0.0,0.0,0.0,0.0
2805,0.0,0.0,0.0,0.0,0.0,0.0,0.0,0.0,0.0
2806,0.0,0.0,0.0,0.0,0.0,0.0,0.0,0.0,0.0
2807,0.0,0.0,0.0,0.0,0.0,0.0,0.0,0.0,0.0
2808,0.0,0.0,0.0,0.0,0.0,0.0,0.0,0.0,0.0
2809,0.0,0.0,0.0,0.0,0.0,0.0,0.0,0.0,0.0
2810,0.0,0.0,0.0,0.0,0.0,0.0,0.0,0.0,0.0
2811,0.0,0.0,0.0,0.0,0.0,0.0,0.0,0.0,0.0
2812,0.0,0.0,0.0,0.0,0.0,0.0,0.0,0.0,0.0
2813,0.0,0.0,0.0,0.0,0.0,0.0,0.0,0.0,0.0
2814,0.0,0.0,0.0,0.0,0.0,0.0,0.0,0.0,0.0
2815,0.0,0.0,0.0,0.0,0.0,0.0,0.0,0.0,0.0
2816,0.0,0.0,0.0,0.0,0.0,0.0,0.0,0.0,0.0
2817,0.0,0.0,0.0,0.0,0.0,0.0,0.0,0.0,0.0
2818,0.0,0.0,0.0,0.0,0.0,0.0,0.0,0.0,0.0
2819,0.0,0.0,0.0,0.0,0.0,0.0,0.0,0.0,0.0
2820,0.0,0.0,0.0,0.0,0.0,0.0,0.0,0.0,0.0
2821,0.0,0.0,0.0,0.0,0.0,0.0,0.0,0.0,0.0
2822,0.0,0.0,0.0,0.0,0.0,0.0,0.0,0.0,0.0
2823,0.0,0.0,0.0,0.0,0.0,0.0,0.0,0.0,0.0
2824,0.0,0.0,0.0,0.0,0.0,0.0,0.0,0.0,0.0
2825,0.0,0.0,0.0,0.0,0.0,0.0,0.0,0.0,0.0
2826,0.0,0.0,0.0,0.0,0.0,0.0,0.0,0.0,0.0
2827,0.0,0.0,0.0,0.0,0.0,0.0,0.0,0.0,0.0
2828,0.0,0.0,0.0,0.0,0.0,0.0,0.0,0.0,0.0
2829,0.0,0.0,0.0,0.0,0.0,0.0,0.0,0.0,0.0
2830,0.0,0.0,0.0,0.0,0.0,0.0,0.0,0.0,0.0
2831,0.0,0.0,0.0,0.0,0.0,0.0,0.0,0.0,0.0
2832,0.0,0.0,0.0,0.0,0.0,0.0,0.0,0.0,0.0
2833,0.0,0.0,0.0,0.0,0.0,0.0,0.0,0.0,0.0
2834,0.0,0.0,0.0,0.0,0.0,0.0,0.0,0.0,0.0
2835,0.0,0.0,0.0,0.0,0.0,0.0,0.0,0.0,0.0
2836,0.0,0.0,0.0,0.0,0.0,0.0,0.0,0.0,0.0
2837,0.0,0.0,0.0,0.0,0.0,0.0,0.0,0.0,0.0
2838,0.0,0.0,0.0,0.0,0.0,0.0,0.0,0.0,0.0
2839,0.0,0.0,0.0,0.0,0.0,0.0,0.0,0.0,0.0
2840,0.0,0.0,0.0,0.0,0.0,0.0,0.0,0.0,0.0
2841,0.0,0.0,0.0,0.0,0.0,0.0,0.0,0.0,0.0
2842,0.0,0.0,0.0,0.0,0.0,0.0,0.0,0.0,0.0
2843,0.0,0.0,0.0,0.0,0.0,0.0,0.0,0.0,0.0
2844,0.0,0.0,0.0,0.0,0.0,0.0,0.0,0.0,0.0
2845,0.0,0.0,0.0,0.0,0.0,0.0,0.0,0.0,0.0
2846,0.0,0.0,0.0,0.0,0.0,0.0,0.0,0.0,0.0
2847,0.0,0.0,0.0,0.0,0.0,0.0,0.0,0.0,0.0
2848,0.0,0.0,0.0,0.0,0.0,0.0,0.0,0.0,0.0
2849,0.0,0.0,0.0,0.0,0.0,0.0,0.0,0.0,0.0
2850,0.0,0.0,0.0,0.0,0.0,0.0,0.0,0.0,0.0
2851,0.0,0.0,0.0,0.0,0.0,0.0,0.0,0.0,0.0
2852,0.0,0.0,0.0,0.0,0.0,0.0,0.0,0.0,0.0
2853,0.0,0.0,0.0,0.0,0.0,0.0,0.0,0.0,0.0
2854,0.0,0.0,0.0,0.0,0.0,0.0,0.0,0.0,0.0
2855,0.0,0.0,0.0,0.0,0.0,0.0,0.0,0.0,0.0
2856,0.0,0.0,0.0,0.0,0.0,0.0,0.0,0.0,0.0
2857,0.0,0.0,0.0,0.0,0.0,0.0,0.0,0.0,0.0
2858,0.0,0.0,0.0,0.0,0.0,0.0,0.0,0.0,0.0
2859,0.0,0.0,0.0,0.0,0.0,0.0,0.0,0.0,0.0
2860,0.0,0.0,0.0,0.0,0.0,0.0,0.0,0.0,0.0
2861,0.0,0.0,0.0,0.0,0.0,0.0,0.0,0.0,0.0
2862,0.0,0.0,0.0,0.0,0.0,0.0,0.0,0.0,0.0
2863,0.0,0.0,0.0,0.0,0.0,0.0,0.0,0.0,0.0
2864,0.0,0.0,0.0,0.0,0.0,0.0,0.0,0.0,0.0
2865,0.0,0.0,0.0,0.0,0.0,0.0,0.0,0.0,0.0
2866,0.0,0.0,0.0,0.0,0.0,0.0,0.0,0.0,0.0
2867,0.0,0.0,0.0,0.0,0.0,0.0,0.0,0.0,0.0
2868,0.0,0.0,0.0,0.0,0.0,0.0,0.0,0.0,0.0
2869,0.0,0.0,0.0,0.0,0.0,0.0,0.0,0.0,0.0
2870,0.0,0.0,0.0,0.0,0.0,0.0,0.0,0.0,0.0
2871,0.0,0.0,0.0,0.0,0.0,0.0,0.0,0.0,0.0
2872,0.0,0.0,0.0,0.0,0.0,0.0,0.0,0.0,0.0
2873,0.0,0.0,0.0,0.0,0.0,0.0,0.0,0.0,0.0
2874,0.0,0.0,0.0,0.0,0.0,0.0,0.0,0.0,0.0
2875,0.0,0.0,0.0,0.0,0.0,0.0,0.0,0.0,0.0
2876,0.0,0.0,0.0,0.0,0.0,0.0,0.0,0.0,0.0
2877,0.0,0.0,0.0,0.0,0.0,0.0,0.0,0.0,0.0
2878,0.0,0.0,0.0,0.0,0.0,0.0,0.0,0.0,0.0
2879,0.0,0.0,0.0,0.0,0.0,0.0,0.0,0.0,0.0
2880,0.0,0.0,0.0,0.0,0.0,0.0,0.0,0.0,0.0
2881,0.0,0.0,0.0,0.0,0.0,0.0,0.0,0.0,0.0
2882,0.0,0.0,0.0,0.0,0.0,0.0,0.0,0.0,0.0
2883,0.0,0.0,0.0,0.0,0.0,0.0,0.0,0.0,0.0
2884,0.0,0.0,0.0,0.0,0.0,0.0,0.0,0.0,0.0
2885,0.0,0.0,0.0,0.0,0.0,0.0,0.0,0.0,0.0
2886,0.0,0.0,0.0,0.0,0.0,0.0,0.0,0.0,0.0
2887,0.0,0.0,0.0,0.0,0.0,0.0,0.0,0.0,0.0
2888,0.0,0.0,0.0,0.0,0.0,0.0,0.0,0.0,0.0
2889,0.0,0.0,0.0,0.0,0.0,0.0,0.0,0.0,0.0
2890,0.0,0.0,0.0,0.0,0.0,0.0,0.0,0.0,0.0
2891,0.0,0.0,0.0,0.0,0.0,0.0,0.0,0.0,0.0
2892,0.0,0.0,0.0,0.0,0.0,0.0,0.0,0.0,0.0
2893,0.0,0.0,0.0,0.0,0.0,0.0,0.0,0.0,0.0
2894,0.0,0.0,0.0,0.0,0.0,0.0,0.0,0.0,0.0
2895,0.0,0.0,0.0,0.0,0.0,0.0,0.0,0.0,0.0
2896,0.0,0.0,0.0,0.0,0.0,0.0,0.0,0.0,0.0
2897,0.0,0.0,0.0,0.0,0.0,0.0,0.0,0.0,0.0
2898,0.0,0.0,0.0,0.0,0.0,0.0,0.0,0.0,0.0
2899,0.0,0.0,0.0,0.0,0.0,0.0,0.0,0.0,0.0
2900,0.0,0.0,0.0,0.0,0.0,0.0,0.0,0.0,0.0
2901,0.0,0.0,0.0,0.0,0.0,0.0,0.0,0.0,0.0
2902,0.0,0.0,0.0,0.0,0.0,0.0,0.0,0.0,0.0
2903,0.0,0.0,0.0,0.0,0.0,0.0,0.0,0.0,0.0
2904,0.0,0.0,0.0,0.0,0.0,0.0,0.0,0.0,0.0
2905,0.0,0.0,0.0,0.0,0.0,0.0,0.0,0.0,0.0
2906,0.0,0.0,0.0,0.0,0.0,0.0,0.0,0.0,0.0
2907,0.0,0.0,0.0,0.0,0.0,0.0,0.0,0.0,0.0
2908,0.0,0.0,0.0,0.0,0.0,0.0,0.0,0.0,0.0
2909,0.0,0.0,0.0,0.0,0.0,0.0,0.0,0.0,0.0
2910,0.0,0.0,0.0,0.0,0.0,0.0,0.0,0.0,0.0
2911,0.0,0.0,0.0,0.0,0.0,0.0,0.0,0.0,0.0
2912,0.0,0.0,0.0,0.0,0.0,0.0,0.0,0.0,0.0
2913,0.0,0.0,0.0,0.0,0.0,0.0,0.0,0.0,0.0
2914,0.0,0.0,0.0,0.0,0.0,0.0,0.0,0.0,0.0
2915,0.0,0.0,0.0,0.0,0.0,0.0,0.0,0.0,0.0
2916,0.0,0.0,0.0,0.0,0.0,0.0,0.0,0.0,0.0
2917,0.0,0.0,0.0,0.0,0.0,0.0,0.0,0.0,0.0
2918,0.0,0.0,0.0,0.0,0.0,0.0,0.0,0.0,0.0
2919,0.0,0.0,0.0,0.0,0.0,0.0,0.0,0.0,0.0
2920,0.0,0.0,0.0,0.0,0.0,0.0,0.0,0.0,0.0
2921,0.0,0.0,0.0,0.0,0.0,0.0,0.0,0.0,0.0
2922,0.0,0.0,0.0,0.0,0.0,0.0,0.0,0.0,0.0
2923,0.0,0.0,0.0,0.0,0.0,0.0,0.0,0.0,0.0
2924,0.0,0.0,0.0,0.0,0.0,0.0,0.0,0.0,0.0
2925,0.0,0.0,0.0,0.0,0.0,0.0,0.0,0.0,0.0
2926,0.0,0.0,0.0,0.0,0.0,0.0,0.0,0.0,0.0
2927,0.0,0.0,0.0,0.0,0.0,0.0,0.0,0.0,0.0
2928,0.0,0.0,0.0,0.0,0.0,0.0,0.0,0.0,0.0
2929,0.0,0.0,0.0,0.0,0.0,0.0,0.0,0.0,0.0
2930,0.0,0.0,0.0,0.0,0.0,0.0,0.0,0.0,0.0
2931,0.0,0.0,0.0,0.0,0.0,0.0,0.0,0.0,0.0
2932,0.0,0.0,0.0,0.0,0.0,0.0,0.0,0.0,0.0
2933,0.0,0.0,0.0,0.0,0.0,0.0,0.0,0.0,0.0
2934,0.0,0.0,0.0,0.0,0.0,0.0,0.0,0.0,0.0
2935,0.0,0.0,0.0,0.0,0.0,0.0,0.0,0.0,0.0
2936,0.0,0.0,0.0,0.0,0.0,0.0,0.0,0.0,0.0
2937,0.0,0.0,0.0,0.0,0.0,0.0,0.0,0.0,0.0
2938,0.0,0.0,0.0,0.0,0.0,0.0,0.0,0.0,0.0
2939,0.0,0.0,0.0,0.0,0.0,0.0,0.0,0.0,0.0
2940,0.0,0.0,0.0,0.0,0.0,0.0,0.0,0.0,0.0
2941,0.0,0.0,0.0,0.0,0.0,0.0,0.0,0.0,0.0
2942,0.0,0.0,0.0,0.0,0.0,0.0,0.0,0.0,0.0
2943,0.0,0.0,0.0,0.0,0.0,0.0,0.0,0.0,0.0
2944,0.0,0.0,0.0,0.0,0.0,0.0,0.0,0.0,0.0
2945,0.0,0.0,0.0,0.0,0.0,0.0,0.0,0.0,0.0
2946,0.0,0.0,0.0,0.0,0.0,0.0,0.0,0.0,0.0
2947,0.0,0.0,0.0,0.0,0.0,0.0,0.0,0.0,0.0
2948,0.0,0.0,0.0,0.0,0.0,0.0,0.0,0.0,0.0
2949,0.0,0.0,0.0,0.0,0.0,0.0,0.0,0.0,0.0
2950,0.0,0.0,0.0,0.0,0.0,0.0,0.0,0.0,0.0
2951,0.0,0.0,0.0,0.0,0.0,0.0,0.0,0.0,0.0
2952,0.0,0.0,0.0,0.0,0.0,0.0,0.0,0.0,0.0
2953,0.0,0.0,0.0,0.0,0.0,0.0,0.0,0.0,0.0
2954,0.0,0.0,0.0,0.0,0.0,0.0,0.0,0.0,0.0
2955,0.0,0.0,0.0,0.0,0.0,0.0,0.0,0.0,0.0
2956,0.0,0.0,0.0,0.0,0.0,0.0,0.0,0.0,0.0
2957,0.0,0.0,0.0,0.0,0.0,0.0,0.0,0.0,0.0
2958,0.0,0.0,0.0,0.0,0.0,0.0,0.0,0.0,0.0
2959,0.0,0.0,0.0,0.0,0.0,0.0,0.0,0.0,0.0
2960,0.0,0.0,0.0,0.0,0.0,0.0,0.0,0.0,0.0
2961,0.0,0.0,0.0,0.0,0.0,0.0,0.0,0.0,0.0
2962,0.0,0.0,0.0,0.0,0.0,0.0,0.0,0.0,0.0
2963,0.0,0.0,0.0,0.0,0.0,0.0,0.0,0.0,0.0
2964,0.0,0.0,0.0,0.0,0.0,0.0,0.0,0.0,0.0
2965,0.0,0.0,0.0,0.0,0.0,0.0,0.0,0.0,0.0
2966,0.0,0.0,0.0,0.0,0.0,0.0,0.0,0.0,0.0
2967,0.0,0.0,0.0,0.0,0.0,0.0,0.0,0.0,0.0
2968,0.0,0.0,0.0,0.0,0.0,0.0,0.0,0.0,0.0
2969,0.0,0.0,0.0,0.0,0.0,0.0,0.0,0.0,0.0
2970,0.0,0.0,0.0,0.0,0.0,0.0,0.0,0.0,0.0
2971,0.0,0.0,0.0,0.0,0.0,0.0,0.0,0.0,0.0
2972,0.0,0.0,0.0,0.0,0.0,0.0,0.0,0.0,0.0
2973,0.0,0.0,0.0,0.0,0.0,0.0,0.0,0.0,0.0
2974,0.0,0.0,0.0,0.0,0.0,0.0,0.0,0.0,0.0
2975,0.0,0.0,0.0,0.0,0.0,0.0,0.0,0.0,0.0
2976,0.0,0.0,0.0,0.0,0.0,0.0,0.0,0.0,0.0
2977,0.0,0.0,0.0,0.0,0.0,0.0,0.0,0.0,0.0
2978,0.0,0.0,0.0,0.0,0.0,0.0,0.0,0.0,0.0
2979,0.0,0.0,0.0,0.0,0.0,0.0,0.0,0.0,0.0
2980,0.0,0.0,0.0,0.0,0.0,0.0,0.0,0.0,0.0
2981,0.0,0.0,0.0,0.0,0.0,0.0,0.0,0.0,0.0
2982,0.0,0.0,0.0,0.0,0.0,0.0,0.0,0.0,0.0
2983,0.0,0.0,0.0,0.0,0.0,0.0,0.0,0.0,0.0
2984,0.0,0.0,0.0,0.0,0.0,0.0,0.0,0.0,0.0
2985,0.0,0.0,0.0,0.0,0.0,0.0,0.0,0.0,0.0
2986,0.0,0.0,0.0,0.0,0.0,0.0,0.0,0.0,0.0
2987,0.0,0.0,0.0,0.0,0.0,0.0,0.0,0.0,0.0
2988,0.0,0.0,0.0,0.0,0.0,0.0,0.0,0.0,0.0
2989,0.0,0.0,0.0,0.0,0.0,0.0,0.0,0.0,0.0
2990,0.0,0.0,0.0,0.0,0.0,0.0,0.0,0.0,0.0
2991,0.0,0.0,0.0,0.0,0.0,0.0,0.0,0.0,0.0
2992,0.0,0.0,0.0,0.0,0.0,0.0,0.0,0.0,0.0
2993,0.0,0.0,0.0,0.0,0.0,0.0,0.0,0.0,0.0
2994,0.0,0.0,0.0,0.0,0.0,0.0,0.0,0.0,0.0
2995,0.0,0.0,0.0,0.0,0.0,0.0,0.0,0.0,0.0
2996,0.0,0.0,0.0,0.0,0.0,0.0,0.0,0.0,0.0
2997,0.0,0.0,0.0,0.0,0.0,0.0,0.0,0.0,0.0
2998,0.0,0.0,0.0,0.0,0.0,0.0,0.0,0.0,0.0
2999,0.0,0.0,0.0,0.0,0.0,0.0,0.0,0.0,0.0
3000,0.0,0.0,0.0,0.0,0.0,0.0,0.0,0.0,0.0
3001,0.0,0.0,0.0,0.0,0.0,0.0,0.0,0.0,0.0
3002,0.0,0.0,0.0,0.0,0.0,0.0,0.0,0.0,0.0
3003,0.0,0.0,0.0,0.0,0.0,0.0,0.0,0.0,0.0
3004,0.0,0.0,0.0,0.0,0.0,0.0,0.0,0.0,0.0
3005,0.0,0.0,0.0,0.0,0.0,0.0,0.0,0.0,0.0
3006,0.0,0.0,0.0,0.0,0.0,0.0,0.0,0.0,0.0
3007,0.0,0.0,0.0,0.0,0.0,0.0,0.0,0.0,0.0
3008,0.0,0.0,0.0,0.0,0.0,0.0,0.0,0.0,0.0
3009,0.0,0.0,0.0,0.0,0.0,0.0,0.0,0.0,0.0
3010,0.0,0.0,0.0,0.0,0.0,0.0,0.0,0.0,0.0
3011,0.0,0.0,0.0,0.0,0.0,0.0,0.0,0.0,0.0
3012,0.0,0.0,0.0,0.0,0.0,0.0,0.0,0.0,0.0
3013,0.0,0.0,0.0,0.0,0.0,0.0,0.0,0.0,0.0
3014,0.0,0.0,0.0,0.0,0.0,0.0,0.0,0.0,0.0
3015,0.0,0.0,0.0,0.0,0.0,0.0,0.0,0.0,0.0
3016,0.0,0.0,0.0,0.0,0.0,0.0,0.0,0.0,0.0
3017,0.0,0.0,0.0,0.0,0.0,0.0,0.0,0.0,0.0
3018,0.0,0.0,0.0,0.0,0.0,0.0,0.0,0.0,0.0
3019,0.0,0.0,0.0,0.0,0.0,0.0,0.0,0.0,0.0
3020,0.0,0.0,0.0,0.0,0.0,0.0,0.0,0.0,0.0
3021,0.0,0.0,0.0,0.0,0.0,0.0,0.0,0.0,0.0
3022,0.0,0.0,0.0,0.0,0.0,0.0,0.0,0.0,0.0
3023,0.0,0.0,0.0,0.0,0.0,0.0,0.0,0.0,0.0
3024,0.0,0.0,0.0,0.0,0.0,0.0,0.0,0.0,0.0
3025,0.0,0.0,0.0,0.0,0.0,0.0,0.0,0.0,0.0
3026,0.0,0.0,0.0,0.0,0.0,0.0,0.0,0.0,0.0
3027,0.0,0.0,0.0,0.0,0.0,0.0,0.0,0.0,0.0
3028,0.0,0.0,0.0,0.0,0.0,0.0,0.0,0.0,0.0
3029,0.0,0.0,0.0,0.0,0.0,0.0,0.0,0.0,0.0
3030,0.0,0.0,0.0,0.0,0.0,0.0,0.0,0.0,0.0
3031,0.0,0.0,0.0,0.0,0.0,0.0,0.0,0.0,0.0
3032,0.0,0.0,0.0,0.0,0.0,0.0,0.0,0.0,0.0
3033,0.0,0.0,0.0,0.0,0.0,0.0,0.0,0.0,0.0
3034,0.0,0.0,0.0,0.0,0.0,0.0,0.0,0.0,0.0
3035,0.0,0.0,0.0,0.0,0.0,0.0,0.0,0.0,0.0
3036,0.0,0.0,0.0,0.0,0.0,0.0,0.0,0.0,0.0
3037,0.0,0.0,0.0,0.0,0.0,0.0,0.0,0.0,0.0
3038,0.0,0.0,0.0,0.0,0.0,0.0,0.0,0.0,0.0
3039,0.0,0.0,0.0,0.0,0.0,0.0,0.0,0.0,0.0
3040,0.0,0.0,0.0,0.0,0.0,0.0,0.0,0.0,0.0
3041,0.0,0.0,0.0,0.0,0.0,0.0,0.0,0.0,0.0
3042,0.0,0.0,0.0,0.0,0.0,0.0,0.0,0.0,0.0
3043,0.0,0.0,0.0,0.0,0.0,0.0,0.0,0.0,0.0
3044,0.0,0.0,0.0,0.0,0.0,0.0,0.0,0.0,0.0
3045,0.0,0.0,0.0,0.0,0.0,0.0,0.0,0.0,0.0
3046,0.0,0.0,0.0,0.0,0.0,0.0,0.0,0.0,0.0
3047,0.0,0.0,0.0,0.0,0.0,0.0,0.0,0.0,0.0
3048,0.0,0.0,0.0,0.0,0.0,0.0,0.0,0.0,0.0
3049,0.0,0.0,0.0,0.0,0.0,0.0,0.0,0.0,0.0
3050,0.0,0.0,0.0,0.0,0.0,0.0,0.0,0.0,0.0
3051,0.0,0.0,0.0,0.0,0.0,0.0,0.0,0.0,0.0
3052,0.0,0.0,0.0,0.0,0.0,0.0,0.0,0.0,0.0
3053,0.0,0.0,0.0,0.0,0.0,0.0,0.0,0.0,0.0
3054,0.0,0.0,0.0,0.0,0.0,0.0,0.0,0.0,0.0
3055,0.0,0.0,0.0,0.0,0.0,0.0,0.0,0.0,0.0
3056,0.0,0.0,0.0,0.0,0.0,0.0,0.0,0.0,0.0
3057,0.0,0.0,0.0,0.0,0.0,0.0,0.0,0.0,0.0
3058,0.0,0.0,0.0,0.0,0.0,0.0,0.0,0.0,0.0
3059,0.0,0.0,0.0,0.0,0.0,0.0,0.0,0.0,0.0
3060,0.0,0.0,0.0,0.0,0.0,0.0,0.0,0.0,0.0
3061,0.0,0.0,0.0,0.0,0.0,0.0,0.0,0.0,0.0
3062,0.0,0.0,0.0,0.0,0.0,0.0,0.0,0.0,0.0
3063,0.0,0.0,0.0,0.0,0.0,0.0,0.0,0.0,0.0
3064,0.0,0.0,0.0,0.0,0.0,0.0,0.0,0.0,0.0
3065,0.0,0.0,0.0,0.0,0.0,0.0,0.0,0.0,0.0
3066,0.0,0.0,0.0,0.0,0.0,0.0,0.0,0.0,0.0
3067,0.0,0.0,0.0,0.0,0.0,0.0,0.0,0.0,0.0
3068,0.0,0.0,0.0,0.0,0.0,0.0,0.0,0.0,0.0
3069,0.0,0.0,0.0,0.0,0.0,0.0,0.0,0.0,0.0
3070,0.0,0.0,0.0,0.0,0.0,0.0,0.0,0.0,0.0
3071,0.0,0.0,0.0,0.0,0.0,0.0,0.0,0.0,0.0
3072,0.0,0.0,0.0,0.0,0.0,0.0,0.0,0.0,0.0
3073,0.0,0.0,0.0,0.0,0.0,0.0,0.0,0.0,0.0
3074,0.0,0.0,0.0,0.0,0.0,0.0,0.0,0.0,0.0
3075,0.0,0.0,0.0,0.0,0.0,0.0,0.0,0.0,0.0
3076,0.0,0.0,0.0,0.0,0.0,0.0,0.0,0.0,0.0
3077,0.0,0.0,0.0,0.0,0.0,0.0,0.0,0.0,0.0
3078,0.0,0.0,0.0,0.0,0.0,0.0,0.0,0.0,0.0
3079,0.0,0.0,0.0,0.0,0.0,0.0,0.0,0.0,0.0
3080,0.0,0.0,0.0,0.0,0.0,0.0,0.0,0.0,0.0
3081,0.0,0.0,0.0,0.0,0.0,0.0,0.0,0.0,0.0
3082,0.0,0.0,0.0,0.0,0.0,0.0,0.0,0.0,0.0
3083,0.0,0.0,0.0,0.0,0.0,0.0,0.0,0.0,0.0
3084,0.0,0.0,0.0,0.0,0.0,0.0,0.0,0.0,0.0
3085,0.0,0.0,0.0,0.0,0.0,0.0,0.0,0.0,0.0
3086,0.0,0.0,0.0,0.0,0.0,0.0,0.0,0.0,0.0
3087,0.0,0.0,0.0,0.0,0.0,0.0,0.0,0.0,0.0
3088,0.0,0.0,0.0,0.0,0.0,0.0,0.0,0.0,0.0
3089,0.0,0.0,0.0,0.0,0.0,0.0,0.0,0.0,0.0
3090,0.0,0.0,0.0,0.0,0.0,0.0,0.0,0.0,0.0
3091,0.0,0.0,0.0,0.0,0.0,0.0,0.0,0.0,0.0
3092,0.0,0.0,0.0,0.0,0.0,0.0,0.0,0.0,0.0
3093,0.0,0.0,0.0,0.0,0.0,0.0,0.0,0.0,0.0
3094,0.0,0.0,0.0,0.0,0.0,0.0,0.0,0.0,0.0
3095,0.0,0.0,0.0,0.0,0.0,0.0,0.0,0.0,0.0
3096,0.0,0.0,0.0,0.0,0.0,0.0,0.0,0.0,0.0
3097,0.0,0.0,0.0,0.0,0.0,0.0,0.0,0.0,0.0
3098,0.0,0.0,0.0,0.0,0.0,0.0,0.0,0.0,0.0
3099,0.0,0.0,0.0,0.0,0.0,0.0,0.0,0.0,0.0
3100,0.0,0.0,0.0,0.0,0.0,0.0,0.0,0.0,0.0
3101,0.0,0.0,0.0,0.0,0.0,0.0,0.0,0.0,0.0
3102,0.0,0.0,0.0,0.0,0.0,0.0,0.0,0.0,0.0
3103,0.0,0.0,0.0,0.0,0.0,0.0,0.0,0.0,0.0
3104,0.0,0.0,0.0,0.0,0.0,0.0,0.0,0.0,0.0
3105,0.0,0.0,0.0,0.0,0.0,0.0,0.0,0.0,0.0
3106,0.0,0.0,0.0,0.0,0.0,0.0,0.0,0.0,0.0
3107,0.0,0.0,0.0,0.0,0.0,0.0,0.0,0.0,0.0
3108,0.0,0.0,0.0,0.0,0.0,0.0,0.0,0.0,0.0
3109,0.0,0.0,0.0,0.0,0.0,0.0,0.0,0.0,0.0
3110,0.0,0.0,0.0,0.0,0.0,0.0,0.0,0.0,0.0
3111,0.0,0.0,0.0,0.0,0.0,0.0,0.0,0.0,0.0
3112,0.0,0.0,0.0,0.0,0.0,0.0,0.0,0.0,0.0
3113,0.0,0.0,0.0,0.0,0.0,0.0,0.0,0.0,0.0
3114,0.0,0.0,0.0,0.0,0.0,0.0,0.0,0.0,0.0
3115,0.0,0.0,0.0,0.0,0.0,0.0,0.0,0.0,0.0
3116,0.0,0.0,0.0,0.0,0.0,0.0,0.0,0.0,0.0
3117,0.0,0.0,0.0,0.0,0.0,0.0,0.0,0.0,0.0
3118,0.0,0.0,0.0,0.0,0.0,0.0,0.0,0.0,0.0
3119,0.0,0.0,0.0,0.0,0.0,0.0,0.0,0.0,0.0
3120,0.0,0.0,0.0,0.0,0.0,0.0,0.0,0.0,0.0
3121,0.0,0.0,0.0,0.0,0.0,0.0,0.0,0.0,0.0
3122,0.0,0.0,0.0,0.0,0.0,0.0,0.0,0.0,0.0
3123,0.0,0.0,0.0,0.0,0.0,0.0,0.0,0.0,0.0
3124,0.0,0.0,0.0,0.0,0.0,0.0,0.0,0.0,0.0
3125,0.0,0.0,0.0,0.0,0.0,0.0,0.0,0.0,0.0
3126,0.0,0.0,0.0,0.0,0.0,0.0,0.0,0.0,0.0
3127,0.0,0.0,0.0,0.0,0.0,0.0,0.0,0.0,0.0
3128,0.0,0.0,0.0,0.0,0.0,0.0,0.0,0.0,0.0
3129,0.0,0.0,0.0,0.0,0.0,0.0,0.0,0.0,0.0
3130,0.0,0.0,0.0,0.0,0.0,0.0,0.0,0.0,0.0
3131,0.0,0.0,0.0,0.0,0.0,0.0,0.0,0.0,0.0
3132,0.0,0.0,0.0,0.0,0.0,0.0,0.0,0.0,0.0
3133,0.0,0.0,0.0,0.0,0.0,0.0,0.0,0.0,0.0
3134,0.0,0.0,0.0,0.0,0.0,0.0,0.0,0.0,0.0
3135,0.0,0.0,0.0,0.0,0.0,0.0,0.0,0.0,0.0
3136,0.0,0.0,0.0,0.0,0.0,0.0,0.0,0.0,0.0
3137,0.0,0.0,0.0,0.0,0.0,0.0,0.0,0.0,0.0
3138,0.0,0.0,0.0,0.0,0.0,0.0,0.0,0.0,0.0
3139,0.0,0.0,0.0,0.0,0.0,0.0,0.0,0.0,0.0
3140,0.0,0.0,0.0,0.0,0.0,0.0,0.0,0.0,0.0
3141,0.0,0.0,0.0,0.0,0.0,0.0,0.0,0.0,0.0
3142,0.0,0.0,0.0,0.0,0.0,0.0,0.0,0.0,0.0
3143,0.0,0.0,0.0,0.0,0.0,0.0,0.0,0.0,0.0
3144,0.0,0.0,0.0,0.0,0.0,0.0,0.0,0.0,0.0
3145,0.0,0.0,0.0,0.0,0.0,0.0,0.0,0.0,0.0
3146,0.0,0.0,0.0,0.0,0.0,0.0,0.0,0.0,0.0
3147,0.0,0.0,0.0,0.0,0.0,0.0,0.0,0.0,0.0
3148,0.0,0.0,0.0,0.0,0.0,0.0,0.0,0.0,0.0
3149,0.0,0.0,0.0,0.0,0.0,0.0,0.0,0.0,0.0
3150,0.0,0.0,0.0,0.0,0.0,0.0,0.0,0.0,0.0
3151,0.0,0.0,0.0,0.0,0.0,0.0,0.0,0.0,0.0
3152,0.0,0.0,0.0,0.0,0.0,0.0,0.0,0.0,0.0
3153,0.0,0.0,0.0,0.0,0.0,0.0,0.0,0.0,0.0
3154,0.0,0.0,0.0,0.0,0.0,0.0,0.0,0.0,0.0
3155,0.0,0.0,0.0,0.0,0.0,0.0,0.0,0.0,0.0
3156,0.0,0.0,0.0,0.0,0.0,0.0,0.0,0.0,0.0
3157,0.0,0.0,0.0,0.0,0.0,0.0,0.0,0.0,0.0
3158,0.0,0.0,0.0,0.0,0.0,0.0,0.0,0.0,0.0
3159,0.0,0.0,0.0,0.0,0.0,0.0,0.0,0.0,0.0
3160,0.0,0.0,0.0,0.0,0.0,0.0,0.0,0.0,0.0
3161,0.0,0.0,0.0,0.0,0.0,0.0,0.0,0.0,0.0
3162,0.0,0.0,0.0,0.0,0.0,0.0,0.0,0.0,0.0
3163,0.0,0.0,0.0,0.0,0.0,0.0,0.0,0.0,0.0
3164,0.0,0.0,0.0,0.0,0.0,0.0,0.0,0.0,0.0
3165,0.0,0.0,0.0,0.0,0.0,0.0,0.0,0.0,0.0
3166,0.0,0.0,0.0,0.0,0.0,0.0,0.0,0.0,0.0
3167,0.0,0.0,0.0,0.0,0.0,0.0,0.0,0.0,0.0
3168,0.0,0.0,0.0,0.0,0.0,0.0,0.0,0.0,0.0
3169,0.0,0.0,0.0,0.0,0.0,0.0,0.0,0.0,0.0
3170,0.0,0.0,0.0,0.0,0.0,0.0,0.0,0.0,0.0
3171,0.0,0.0,0.0,0.0,0.0,0.0,0.0,0.0,0.0
3172,0.0,0.0,0.0,0.0,0.0,0.0,0.0,0.0,0.0
3173,0.0,0.0,0.0,0.0,0.0,0.0,0.0,0.0,0.0
3174,0.0,0.0,0.0,0.0,0.0,0.0,0.0,0.0,0.0
3175,0.0,0.0,0.0,0.0,0.0,0.0,0.0,0.0,0.0
3176,0.0,0.0,0.0,0.0,0.0,0.0,0.0,0.0,0.0
3177,0.0,0.0,0.0,0.0,0.0,0.0,0.0,0.0,0.0
3178,0.0,0.0,0.0,0.0,0.0,0.0,0.0,0.0,0.0
3179,0.0,0.0,0.0,0.0,0.0,0.0,0.0,0.0,0.0
3180,0.0,0.0,0.0,0.0,0.0,0.0,0.0,0.0,0.0
3181,0.0,0.0,0.0,0.0,0.0,0.0,0.0,0.0,0.0
3182,0.0,0.0,0.0,0.0,0.0,0.0,0.0,0.0,0.0
3183,0.0,0.0,0.0,0.0,0.0,0.0,0.0,0.0,0.0
3184,0.0,0.0,0.0,0.0,0.0,0.0,0.0,0.0,0.0
3185,0.0,0.0,0.0,0.0,0.0,0.0,0.0,0.0,0.0
3186,0.0,0.0,0.0,0.0,0.0,0.0,0.0,0.0,0.0
3187,0.0,0.0,0.0,0.0,0.0,0.0,0.0,0.0,0.0
3188,0.0,0.0,0.0,0.0,0.0,0.0,0.0,0.0,0.0
3189,0.0,0.0,0.0,0.0,0.0,0.0,0.0,0.0,0.0
3190,0.0,0.0,0.0,0.0,0.0,0.0,0.0,0.0,0.0
3191,0.0,0.0,0.0,0.0,0.0,0.0,0.0,0.0,0.0
3192,0.0,0.0,0.0,0.0,0.0,0.0,0.0,0.0,0.0
3193,0.0,0.0,0.0,0.0,0.0,0.0,0.0,0.0,0.0
3194,0.0,0.0,0.0,0.0,0.0,0.0,0.0,0.0,0.0
3195,0.0,0.0,0.0,0.0,0.0,0.0,0.0,0.0,0.0
3196,0.0,0.0,0.0,0.0,0.0,0.0,0.0,0.0,0.0
3197,0.0,0.0,0.0,0.0,0.0,0.0,0.0,0.0,0.0
3198,0.0,0.0,0.0,0.0,0.0,0.0,0.0,0.0,0.0
3199,0.0,0.0,0.0,0.0,0.0,0.0,0.0,0.0,0.0
3200,0.0,0.0,0.0,0.0,0.0,0.0,0.0,0.0,0.0
3201,0.0,0.0,0.0,0.0,0.0,0.0,0.0,0.0,0.0
3202,0.0,0.0,0.0,0.0,0.0,0.0,0.0,0.0,0.0
3203,0.0,0.0,0.0,0.0,0.0,0.0,0.0,0.0,0.0
3204,0.0,0.0,0.0,0.0,0.0,0.0,0.0,0.0,0.0
3205,0.0,0.0,0.0,0.0,0.0,0.0,0.0,0.0,0.0
3206,0.0,0.0,0.0,0.0,0.0,0.0,0.0,0.0,0.0
3207,0.0,0.0,0.0,0.0,0.0,0.0,0.0,0.0,0.0
3208,0.0,0.0,0.0,0.0,0.0,0.0,0.0,0.0,0.0
3209,0.0,0.0,0.0,0.0,0.0,0.0,0.0,0.0,0.0
3210,0.0,0.0,0.0,0.0,0.0,0.0,0.0,0.0,0.0
3211,0.0,0.0,0.0,0.0,0.0,0.0,0.0,0.0,0.0
3212,0.0,0.0,0.0,0.0,0.0,0.0,0.0,0.0,0.0
3213,0.0,0.0,0.0,0.0,0.0,0.0,0.0,0.0,0.0
3214,0.0,0.0,0.0,0.0,0.0,0.0,0.0,0.0,0.0
3215,0.0,0.0,0.0,0.0,0.0,0.0,0.0,0.0,0.0
3216,0.0,0.0,0.0,0.0,0.0,0.0,0.0,0.0,0.0
3217,0.0,0.0,0.0,0.0,0.0,0.0,0.0,0.0,0.0
3218,0.0,0.0,0.0,0.0,0.0,0.0,0.0,0.0,0.0
3219,0.0,0.0,0.0,0.0,0.0,0.0,0.0,0.0,0.0
3220,0.0,0.0,0.0,0.0,0.0,0.0,0.0,0.0,0.0
3221,0.0,0.0,0.0,0.0,0.0,0.0,0.0,0.0,0.0
3222,0.0,0.0,0.0,0.0,0.0,0.0,0.0,0.0,0.0
3223,0.0,0.0,0.0,0.0,0.0,0.0,0.0,0.0,0.0
3224,0.0,0.0,0.0,0.0,0.0,0.0,0.0,0.0,0.0
3225,0.0,0.0,0.0,0.0,0.0,0.0,0.0,0.0,0.0
3226,0.0,0.0,0.0,0.0,0.0,0.0,0.0,0.0,0.0
3227,0.0,0.0,0.0,0.0,0.0,0.0,0.0,0.0,0.0
3228,0.0,0.0,0.0,0.0,0.0,0.0,0.0,0.0,0.0
3229,0.0,0.0,0.0,0.0,0.0,0.0,0.0,0.0,0.0
3230,0.0,0.0,0.0,0.0,0.0,0.0,0.0,0.0,0.0
3231,0.0,0.0,0.0,0.0,0.0,0.0,0.0,0.0,0.0
3232,0.0,0.0,0.0,0.0,0.0,0.0,0.0,0.0,0.0
3233,0.0,0.0,0.0,0.0,0.0,0.0,0.0,0.0,0.0
3234,0.0,0.0,0.0,0.0,0.0,0.0,0.0,0.0,0.0
3235,0.0,0.0,0.0,0.0,0.0,0.0,0.0,0.0,0.0
3236,0.0,0.0,0.0,0.0,0.0,0.0,0.0,0.0,0.0
3237,0.0,0.0,0.0,0.0,0.0,0.0,0.0,0.0,0.0
3238,0.0,0.0,0.0,0.0,0.0,0.0,0.0,0.0,0.0
3239,0.0,0.0,0.0,0.0,0.0,0.0,0.0,0.0,0.0
3240,0.0,0.0,0.0,0.0,0.0,0.0,0.0,0.0,0.0
3241,0.0,0.0,0.0,0.0,0.0,0.0,0.0,0.0,0.0
3242,0.0,0.0,0.0,0.0,0.0,0.0,0.0,0.0,0.0
3243,0.0,0.0,0.0,0.0,0.0,0.0,0.0,0.0,0.0
3244,0.0,0.0,0.0,0.0,0.0,0.0,0.0,0.0,0.0
3245,0.0,0.0,0.0,0.0,0.0,0.0,0.0,0.0,0.0
3246,0.0,0.0,0.0,0.0,0.0,0.0,0.0,0.0,0.0
3247,0.0,0.0,0.0,0.0,0.0,0.0,0.0,0.0,0.0
3248,0.0,0.0,0.0,0.0,0.0,0.0,0.0,0.0,0.0
3249,0.0,0.0,0.0,0.0,0.0,0.0,0.0,0.0,0.0
3250,0.0,0.0,0.0,0.0,0.0,0.0,0.0,0.0,0.0
3251,0.0,0.0,0.0,0.0,0.0,0.0,0.0,0.0,0.0
3252,0.0,0.0,0.0,0.0,0.0,0.0,0.0,0.0,0.0
3253,0.0,0.0,0.0,0.0,0.0,0.0,0.0,0.0,0.0
3254,0.0,0.0,0.0,0.0,0.0,0.0,0.0,0.0,0.0
3255,0.0,0.0,0.0,0.0,0.0,0.0,0.0,0.0,0.0
3256,0.0,0.0,0.0,0.0,0.0,0.0,0.0,0.0,0.0
3257,0.0,0.0,0.0,0.0,0.0,0.0,0.0,0.0,0.0
3258,0.0,0.0,0.0,0.0,0.0,0.0,0.0,0.0,0.0
3259,0.0,0.0,0.0,0.0,0.0,0.0,0.0,0.0,0.0
3260,0.0,0.0,0.0,0.0,0.0,0.0,0.0,0.0,0.0
3261,0.0,0.0,0.0,0.0,0.0,0.0,0.0,0.0,0.0
3262,0.0,0.0,0.0,0.0,0.0,0.0,0.0,0.0,0.0
3263,0.0,0.0,0.0,0.0,0.0,0.0,0.0,0.0,0.0
3264,0.0,0.0,0.0,0.0,0.0,0.0,0.0,0.0,0.0
3265,0.0,0.0,0.0,0.0,0.0,0.0,0.0,0.0,0.0
3266,0.0,0.0,0.0,0.0,0.0,0.0,0.0,0.0,0.0
3267,0.0,0.0,0.0,0.0,0.0,0.0,0.0,0.0,0.0
3268,0.0,0.0,0.0,0.0,0.0,0.0,0.0,0.0,0.0
3269,0.0,0.0,0.0,0.0,0.0,0.0,0.0,0.0,0.0
3270,0.0,0.0,0.0,0.0,0.0,0.0,0.0,0.0,0.0
3271,0.0,0.0,0.0,0.0,0.0,0.0,0.0,0.0,0.0
3272,0.0,0.0,0.0,0.0,0.0,0.0,0.0,0.0,0.0
3273,0.0,0.0,0.0,0.0,0.0,0.0,0.0,0.0,0.0
3274,0.0,0.0,0.0,0.0,0.0,0.0,0.0,0.0,0.0
3275,0.0,0.0,0.0,0.0,0.0,0.0,0.0,0.0,0.0
3276,0.0,0.0,0.0,0.0,0.0,0.0,0.0,0.0,0.0
3277,0.0,0.0,0.0,0.0,0.0,0.0,0.0,0.0,0.0
3278,0.0,0.0,0.0,0.0,0.0,0.0,0.0,0.0,0.0
3279,0.0,0.0,0.0,0.0,0.0,0.0,0.0,0.0,0.0
3280,0.0,0.0,0.0,0.0,0.0,0.0,0.0,0.0,0.0
3281,0.0,0.0,0.0,0.0,0.0,0.0,0.0,0.0,0.0
3282,0.0,0.0,0.0,0.0,0.0,0.0,0.0,0.0,0.0
3283,0.0,0.0,0.0,0.0,0.0,0.0,0.0,0.0,0.0
3284,0.0,0.0,0.0,0.0,0.0,0.0,0.0,0.0,0.0
3285,0.0,0.0,0.0,0.0,0.0,0.0,0.0,0.0,0.0
3286,0.0,0.0,0.0,0.0,0.0,0.0,0.0,0.0,0.0
3287,0.0,0.0,0.0,0.0,0.0,0.0,0.0,0.0,0.0
3288,0.0,0.0,0.0,0.0,0.0,0.0,0.0,0.0,0.0
3289,0.0,0.0,0.0,0.0,0.0,0.0,0.0,0.0,0.0
3290,0.0,0.0,0.0,0.0,0.0,0.0,0.0,0.0,0.0
3291,0.0,0.0,0.0,0.0,0.0,0.0,0.0,0.0,0.0
3292,0.0,0.0,0.0,0.0,0.0,0.0,0.0,0.0,0.0
3293,0.0,0.0,0.0,0.0,0.0,0.0,0.0,0.0,0.0
3294,0.0,0.0,0.0,0.0,0.0,0.0,0.0,0.0,0.0
3295,0.0,0.0,0.0,0.0,0.0,0.0,0.0,0.0,0.0
3296,0.0,0.0,0.0,0.0,0.0,0.0,0.0,0.0,0.0
3297,0.0,0.0,0.0,0.0,0.0,0.0,0.0,0.0,0.0
3298,0.0,0.0,0.0,0.0,0.0,0.0,0.0,0.0,0.0
3299,0.0,0.0,0.0,0.0,0.0,0.0,0.0,0.0,0.0
3300,0.0,0.0,0.0,0.0,0.0,0.0,0.0,0.0,0.0
3301,0.0,0.0,0.0,0.0,0.0,0.0,0.0,0.0,0.0
3302,0.0,0.0,0.0,0.0,0.0,0.0,0.0,0.0,0.0
3303,0.0,0.0,0.0,0.0,0.0,0.0,0.0,0.0,0.0
3304,0.0,0.0,0.0,0.0,0.0,0.0,0.0,0.0,0.0
3305,0.0,0.0,0.0,0.0,0.0,0.0,0.0,0.0,0.0
3306,0.0,0.0,0.0,0.0,0.0,0.0,0.0,0.0,0.0
3307,0.0,0.0,0.0,0.0,0.0,0.0,0.0,0.0,0.0
3308,0.0,0.0,0.0,0.0,0.0,0.0,0.0,0.0,0.0
3309,0.0,0.0,0.0,0.0,0.0,0.0,0.0,0.0,0.0
3310,0.0,0.0,0.0,0.0,0.0,0.0,0.0,0.0,0.0
3311,0.0,0.0,0.0,0.0,0.0,0.0,0.0,0.0,0.0
3312,0.0,0.0,0.0,0.0,0.0,0.0,0.0,0.0,0.0
3313,0.0,0.0,0.0,0.0,0.0,0.0,0.0,0.0,0.0
3314,0.0,0.0,0.0,0.0,0.0,0.0,0.0,0.0,0.0
3315,0.0,0.0,0.0,0.0,0.0,0.0,0.0,0.0,0.0
3316,0.0,0.0,0.0,0.0,0.0,0.0,0.0,0.0,0.0
3317,0.0,0.0,0.0,0.0,0.0,0.0,0.0,0.0,0.0
3318,0.0,0.0,0.0,0.0,0.0,0.0,0.0,0.0,0.0
3319,0.0,0.0,0.0,0.0,0.0,0.0,0.0,0.0,0.0
3320,0.0,0.0,0.0,0.0,0.0,0.0,0.0,0.0,0.0
3321,0.0,0.0,0.0,0.0,0.0,0.0,0.0,0.0,0.0
3322,0.0,0.0,0.0,0.0,0.0,0.0,0.0,0.0,0.0
3323,0.0,0.0,0.0,0.0,0.0,0.0,0.0,0.0,0.0
3324,0.0,0.0,0.0,0.0,0.0,0.0,0.0,0.0,0.0
3325,0.0,0.0,0.0,0.0,0.0,0.0,0.0,0.0,0.0
3326,0.0,0.0,0.0,0.0,0.0,0.0,0.0,0.0,0.0
3327,0.0,0.0,0.0,0.0,0.0,0.0,0.0,0.0,0.0
3328,0.0,0.0,0.0,0.0,0.0,0.0,0.0,0.0,0.0
3329,0.0,0.0,0.0,0.0,0.0,0.0,0.0,0.0,0.0
3330,0.0,0.0,0.0,0.0,0.0,0.0,0.0,0.0,0.0
3331,0.0,0.0,0.0,0.0,0.0,0.0,0.0,0.0,0.0
3332,0.0,0.0,0.0,0.0,0.0,0.0,0.0,0.0,0.0
3333,0.0,0.0,0.0,0.0,0.0,0.0,0.0,0.0,0.0
3334,0.0,0.0,0.0,0.0,0.0,0.0,0.0,0.0,0.0
3335,0.0,0.0,0.0,0.0,0.0,0.0,0.0,0.0,0.0
3336,0.0,0.0,0.0,0.0,0.0,0.0,0.0,0.0,0.0
3337,0.0,0.0,0.0,0.0,0.0,0.0,0.0,0.0,0.0
3338,0.0,0.0,0.0,0.0,0.0,0.0,0.0,0.0,0.0
3339,0.0,0.0,0.0,0.0,0.0,0.0,0.0,0.0,0.0
3340,0.0,0.0,0.0,0.0,0.0,0.0,0.0,0.0,0.0
3341,0.0,0.0,0.0,0.0,0.0,0.0,0.0,0.0,0.0
3342,0.0,0.0,0.0,0.0,0.0,0.0,0.0,0.0,0.0
3343,0.0,0.0,0.0,0.0,0.0,0.0,0.0,0.0,0.0
3344,0.0,0.0,0.0,0.0,0.0,0.0,0.0,0.0,0.0
3345,0.0,0.0,0.0,0.0,0.0,0.0,0.0,0.0,0.0
3346,0.0,0.0,0.0,0.0,0.0,0.0,0.0,0.0,0.0
3347,0.0,0.0,0.0,0.0,0.0,0.0,0.0,0.0,0.0
3348,0.0,0.0,0.0,0.0,0.0,0.0,0.0,0.0,0.0
3349,0.0,0.0,0.0,0.0,0.0,0.0,0.0,0.0,0.0
3350,0.0,0.0,0.0,0.0,0.0,0.0,0.0,0.0,0.0
3351,0.0,0.0,0.0,0.0,0.0,0.0,0.0,0.0,0.0
3352,0.0,0.0,0.0,0.0,0.0,0.0,0.0,0.0,0.0
3353,0.0,0.0,0.0,0.0,0.0,0.0,0.0,0.0,0.0
3354,0.0,0.0,0.0,0.0,0.0,0.0,0.0,0.0,0.0
3355,0.0,0.0,0.0,0.0,0.0,0.0,0.0,0.0,0.0
3356,0.0,0.0,0.0,0.0,0.0,0.0,0.0,0.0,0.0
3357,0.0,0.0,0.0,0.0,0.0,0.0,0.0,0.0,0.0
3358,0.0,0.0,0.0,0.0,0.0,0.0,0.0,0.0,0.0
3359,0.0,0.0,0.0,0.0,0.0,0.0,0.0,0.0,0.0
3360,0.0,0.0,0.0,0.0,0.0,0.0,0.0,0.0,0.0
3361,0.0,0.0,0.0,0.0,0.0,0.0,0.0,0.0,0.0
3362,0.0,0.0,0.0,0.0,0.0,0.0,0.0,0.0,0.0
3363,0.0,0.0,0.0,0.0,0.0,0.0,0.0,0.0,0.0
3364,0.0,0.0,0.0,0.0,0.0,0.0,0.0,0.0,0.0
3365,0.0,0.0,0.0,0.0,0.0,0.0,0.0,0.0,0.0
3366,0.0,0.0,0.0,0.0,0.0,0.0,0.0,0.0,0.0
3367,0.0,0.0,0.0,0.0,0.0,0.0,0.0,0.0,0.0
3368,0.0,0.0,0.0,0.0,0.0,0.0,0.0,0.0,0.0
3369,0.0,0.0,0.0,0.0,0.0,0.0,0.0,0.0,0.0
3370,0.0,0.0,0.0,0.0,0.0,0.0,0.0,0.0,0.0
3371,0.0,0.0,0.0,0.0,0.0,0.0,0.0,0.0,0.0
3372,0.0,0.0,0.0,0.0,0.0,0.0,0.0,0.0,0.0
3373,0.0,0.0,0.0,0.0,0.0,0.0,0.0,0.0,0.0
3374,0.0,0.0,0.0,0.0,0.0,0.0,0.0,0.0,0.0
3375,0.0,0.0,0.0,0.0,0.0,0.0,0.0,0.0,0.0
3376,0.0,0.0,0.0,0.0,0.0,0.0,0.0,0.0,0.0
3377,0.0,0.0,0.0,0.0,0.0,0.0,0.0,0.0,0.0
3378,0.0,0.0,0.0,0.0,0.0,0.0,0.0,0.0,0.0
3379,0.0,0.0,0.0,0.0,0.0,0.0,0.0,0.0,0.0
3380,0.0,0.0,0.0,0.0,0.0,0.0,0.0,0.0,0.0
3381,0.0,0.0,0.0,0.0,0.0,0.0,0.0,0.0,0.0
3382,0.0,0.0,0.0,0.0,0.0,0.0,0.0,0.0,0.0
3383,0.0,0.0,0.0,0.0,0.0,0.0,0.0,0.0,0.0
3384,0.0,0.0,0.0,0.0,0.0,0.0,0.0,0.0,0.0
3385,0.0,0.0,0.0,0.0,0.0,0.0,0.0,0.0,0.0
3386,0.0,0.0,0.0,0.0,0.0,0.0,0.0,0.0,0.0
3387,0.0,0.0,0.0,0.0,0.0,0.0,0.0,0.0,0.0
3388,0.0,0.0,0.0,0.0,0.0,0.0,0.0,0.0,0.0
3389,0.0,0.0,0.0,0.0,0.0,0.0,0.0,0.0,0.0
3390,0.0,0.0,0.0,0.0,0.0,0.0,0.0,0.0,0.0
3391,0.0,0.0,0.0,0.0,0.0,0.0,0.0,0.0,0.0
3392,0.0,0.0,0.0,0.0,0.0,0.0,0.0,0.0,0.0
3393,0.0,0.0,0.0,0.0,0.0,0.0,0.0,0.0,0.0
3394,0.0,0.0,0.0,0.0,0.0,0.0,0.0,0.0,0.0
3395,0.0,0.0,0.0,0.0,0.0,0.0,0.0,0.0,0.0
3396,0.0,0.0,0.0,0.0,0.0,0.0,0.0,0.0,0.0
3397,0.0,0.0,0.0,0.0,0.0,0.0,0.0,0.0,0.0
3398,0.0,0.0,0.0,0.0,0.0,0.0,0.0,0.0,0.0
3399,0.0,0.0,0.0,0.0,0.0,0.0,0.0,0.0,0.0
3400,0.0,0.0,0.0,0.0,0.0,0.0,0.0,0.0,0.0
3401,0.0,0.0,0.0,0.0,0.0,0.0,0.0,0.0,0.0
3402,0.0,0.0,0.0,0.0,0.0,0.0,0.0,0.0,0.0
3403,0.0,0.0,0.0,0.0,0.0,0.0,0.0,0.0,0.0
3404,0.0,0.0,0.0,0.0,0.0,0.0,0.0,0.0,0.0
3405,0.0,0.0,0.0,0.0,0.0,0.0,0.0,0.0,0.0
3406,0.0,0.0,0.0,0.0,0.0,0.0,0.0,0.0,0.0
3407,0.0,0.0,0.0,0.0,0.0,0.0,0.0,0.0,0.0
3408,0.0,0.0,0.0,0.0,0.0,0.0,0.0,0.0,0.0
3409,0.0,0.0,0.0,0.0,0.0,0.0,0.0,0.0,0.0
3410,0.0,0.0,0.0,0.0,0.0,0.0,0.0,0.0,0.0
3411,0.0,0.0,0.0,0.0,0.0,0.0,0.0,0.0,0.0
3412,0.0,0.0,0.0,0.0,0.0,0.0,0.0,0.0,0.0
3413,0.0,0.0,0.0,0.0,0.0,0.0,0.0,0.0,0.0
3414,0.0,0.0,0.0,0.0,0.0,0.0,0.0,0.0,0.0
3415,0.0,0.0,0.0,0.0,0.0,0.0,0.0,0.0,0.0
3416,0.0,0.0,0.0,0.0,0.0,0.0,0.0,0.0,0.0
3417,0.0,0.0,0.0,0.0,0.0,0.0,0.0,0.0,0.0
3418,0.0,0.0,0.0,0.0,0.0,0.0,0.0,0.0,0.0
3419,0.0,0.0,0.0,0.0,0.0,0.0,0.0,0.0,0.0
3420,0.0,0.0,0.0,0.0,0.0,0.0,0.0,0.0,0.0
3421,0.0,0.0,0.0,0.0,0.0,0.0,0.0,0.0,0.0
3422,0.0,0.0,0.0,0.0,0.0,0.0,0.0,0.0,0.0
3423,0.0,0.0,0.0,0.0,0.0,0.0,0.0,0.0,0.0
3424,0.0,0.0,0.0,0.0,0.0,0.0,0.0,0.0,0.0
3425,0.0,0.0,0.0,0.0,0.0,0.0,0.0,0.0,0.0
3426,0.0,0.0,0.0,0.0,0.0,0.0,0.0,0.0,0.0
3427,0.0,0.0,0.0,0.0,0.0,0.0,0.0,0.0,0.0
3428,0.0,0.0,0.0,0.0,0.0,0.0,0.0,0.0,0.0
3429,0.0,0.0,0.0,0.0,0.0,0.0,0.0,0.0,0.0
3430,0.0,0.0,0.0,0.0,0.0,0.0,0.0,0.0,0.0
3431,0.0,0.0,0.0,0.0,0.0,0.0,0.0,0.0,0.0
3432,0.0,0.0,0.0,0.0,0.0,0.0,0.0,0.0,0.0
3433,0.0,0.0,0.0,0.0,0.0,0.0,0.0,0.0,0.0
3434,0.0,0.0,0.0,0.0,0.0,0.0,0.0,0.0,0.0
3435,0.0,0.0,0.0,0.0,0.0,0.0,0.0,0.0,0.0
3436,0.0,0.0,0.0,0.0,0.0,0.0,0.0,0.0,0.0
3437,0.0,0.0,0.0,0.0,0.0,0.0,0.0,0.0,0.0
3438,0.0,0.0,0.0,0.0,0.0,0.0,0.0,0.0,0.0
3439,0.0,0.0,0.0,0.0,0.0,0.0,0.0,0.0,0.0
3440,0.0,0.0,0.0,0.0,0.0,0.0,0.0,0.0,0.0
3441,0.0,0.0,0.0,0.0,0.0,0.0,0.0,0.0,0.0
3442,0.0,0.0,0.0,0.0,0.0,0.0,0.0,0.0,0.0
3443,0.0,0.0,0.0,0.0,0.0,0.0,0.0,0.0,0.0
3444,0.0,0.0,0.0,0.0,0.0,0.0,0.0,0.0,0.0
3445,0.0,0.0,0.0,0.0,0.0,0.0,0.0,0.0,0.0
3446,0.0,0.0,0.0,0.0,0.0,0.0,0.0,0.0,0.0
3447,0.0,0.0,0.0,0.0,0.0,0.0,0.0,0.0,0.0
3448,0.0,0.0,0.0,0.0,0.0,0.0,0.0,0.0,0.0
3449,0.0,0.0,0.0,0.0,0.0,0.0,0.0,0.0,0.0
3450,0.0,0.0,0.0,0.0,0.0,0.0,0.0,0.0,0.0
3451,0.0,0.0,0.0,0.0,0.0,0.0,0.0,0.0,0.0
3452,0.0,0.0,0.0,0.0,0.0,0.0,0.0,0.0,0.0
3453,0.0,0.0,0.0,0.0,0.0,0.0,0.0,0.0,0.0
3454,0.0,0.0,0.0,0.0,0.0,0.0,0.0,0.0,0.0
3455,0.0,0.0,0.0,0.0,0.0,0.0,0.0,0.0,0.0
3456,0.0,0.0,0.0,0.0,0.0,0.0,0.0,0.0,0.0
3457,0.0,0.0,0.0,0.0,0.0,0.0,0.0,0.0,0.0
3458,0.0,0.0,0.0,0.0,0.0,0.0,0.0,0.0,0.0
3459,0.0,0.0,0.0,0.0,0.0,0.0,0.0,0.0,0.0
3460,0.0,0.0,0.0,0.0,0.0,0.0,0.0,0.0,0.0
3461,0.0,0.0,0.0,0.0,0.0,0.0,0.0,0.0,0.0
3462,0.0,0.0,0.0,0.0,0.0,0.0,0.0,0.0,0.0
3463,0.0,0.0,0.0,0.0,0.0,0.0,0.0,0.0,0.0
3464,0.0,0.0,0.0,0.0,0.0,0.0,0.0,0.0,0.0
3465,0.0,0.0,0.0,0.0,0.0,0.0,0.0,0.0,0.0
3466,0.0,0.0,0.0,0.0,0.0,0.0,0.0,0.0,0.0
3467,0.0,0.0,0.0,0.0,0.0,0.0,0.0,0.0,0.0
3468,0.0,0.0,0.0,0.0,0.0,0.0,0.0,0.0,0.0
3469,0.0,0.0,0.0,0.0,0.0,0.0,0.0,0.0,0.0
3470,0.0,0.0,0.0,0.0,0.0,0.0,0.0,0.0,0.0
3471,0.0,0.0,0.0,0.0,0.0,0.0,0.0,0.0,0.0
3472,0.0,0.0,0.0,0.0,0.0,0.0,0.0,0.0,0.0
3473,0.0,0.0,0.0,0.0,0.0,0.0,0.0,0.0,0.0
3474,0.0,0.0,0.0,0.0,0.0,0.0,0.0,0.0,0.0
3475,0.0,0.0,0.0,0.0,0.0,0.0,0.0,0.0,0.0
3476,0.0,0.0,0.0,0.0,0.0,0.0,0.0,0.0,0.0
3477,0.0,0.0,0.0,0.0,0.0,0.0,0.0,0.0,0.0
3478,0.0,0.0,0.0,0.0,0.0,0.0,0.0,0.0,0.0
3479,0.0,0.0,0.0,0.0,0.0,0.0,0.0,0.0,0.0
3480,0.0,0.0,0.0,0.0,0.0,0.0,0.0,0.0,0.0
3481,0.0,0.0,0.0,0.0,0.0,0.0,0.0,0.0,0.0
3482,0.0,0.0,0.0,0.0,0.0,0.0,0.0,0.0,0.0
3483,0.0,0.0,0.0,0.0,0.0,0.0,0.0,0.0,0.0
3484,0.0,0.0,0.0,0.0,0.0,0.0,0.0,0.0,0.0
3485,0.0,0.0,0.0,0.0,0.0,0.0,0.0,0.0,0.0
3486,0.0,0.0,0.0,0.0,0.0,0.0,0.0,0.0,0.0
3487,0.0,0.0,0.0,0.0,0.0,0.0,0.0,0.0,0.0
3488,0.0,0.0,0.0,0.0,0.0,0.0,0.0,0.0,0.0
3489,0.0,0.0,0.0,0.0,0.0,0.0,0.0,0.0,0.0
3490,0.0,0.0,0.0,0.0,0.0,0.0,0.0,0.0,0.0
3491,0.0,0.0,0.0,0.0,0.0,0.0,0.0,0.0,0.0
3492,0.0,0.0,0.0,0.0,0.0,0.0,0.0,0.0,0.0
3493,0.0,0.0,0.0,0.0,0.0,0.0,0.0,0.0,0.0
3494,0.0,0.0,0.0,0.0,0.0,0.0,0.0,0.0,0.0
3495,0.0,0.0,0.0,0.0,0.0,0.0,0.0,0.0,0.0
3496,0.0,0.0,0.0,0.0,0.0,0.0,0.0,0.0,0.0
3497,0.0,0.0,0.0,0.0,0.0,0.0,0.0,0.0,0.0
3498,0.0,0.0,0.0,0.0,0.0,0.0,0.0,0.0,0.0
3499,0.0,0.0,0.0,0.0,0.0,0.0,0.0,0.0,0.0
3500,0.0,0.0,0.0,0.0,0.0,0.0,0.0,0.0,0.0
3501,0.0,0.0,0.0,0.0,0.0,0.0,0.0,0.0,0.0
3502,0.0,0.0,0.0,0.0,0.0,0.0,0.0,0.0,0.0
3503,0.0,0.0,0.0,0.0,0.0,0.0,0.0,0.0,0.0
3504,0.0,0.0,0.0,0.0,0.0,0.0,0.0,0.0,0.0
3505,0.0,0.0,0.0,0.0,0.0,0.0,0.0,0.0,0.0
3506,0.0,0.0,0.0,0.0,0.0,0.0,0.0,0.0,0.0
3507,0.0,0.0,0.0,0.0,0.0,0.0,0.0,0.0,0.0
3508,0.0,0.0,0.0,0.0,0.0,0.0,0.0,0.0,0.0
3509,0.0,0.0,0.0,0.0,0.0,0.0,0.0,0.0,0.0
3510,0.0,0.0,0.0,0.0,0.0,0.0,0.0,0.0,0.0
3511,0.0,0.0,0.0,0.0,0.0,0.0,0.0,0.0,0.0
3512,0.0,0.0,0.0,0.0,0.0,0.0,0.0,0.0,0.0
3513,0.0,0.0,0.0,0.0,0.0,0.0,0.0,0.0,0.0
3514,0.0,0.0,0.0,0.0,0.0,0.0,0.0,0.0,0.0
3515,0.0,0.0,0.0,0.0,0.0,0.0,0.0,0.0,0.0
3516,0.0,0.0,0.0,0.0,0.0,0.0,0.0,0.0,0.0
3517,0.0,0.0,0.0,0.0,0.0,0.0,0.0,0.0,0.0
3518,0.0,0.0,0.0,0.0,0.0,0.0,0.0,0.0,0.0
3519,0.0,0.0,0.0,0.0,0.0,0.0,0.0,0.0,0.0
3520,0.0,0.0,0.0,0.0,0.0,0.0,0.0,0.0,0.0
3521,0.0,0.0,0.0,0.0,0.0,0.0,0.0,0.0,0.0
3522,0.0,0.0,0.0,0.0,0.0,0.0,0.0,0.0,0.0
3523,0.0,0.0,0.0,0.0,0.0,0.0,0.0,0.0,0.0
3524,0.0,0.0,0.0,0.0,0.0,0.0,0.0,0.0,0.0
3525,0.0,0.0,0.0,0.0,0.0,0.0,0.0,0.0,0.0
3526,0.0,0.0,0.0,0.0,0.0,0.0,0.0,0.0,0.0
3527,0.0,0.0,0.0,0.0,0.0,0.0,0.0,0.0,0.0
3528,0.0,0.0,0.0,0.0,0.0,0.0,0.0,0.0,0.0
3529,0.0,0.0,0.0,0.0,0.0,0.0,0.0,0.0,0.0
3530,0.0,0.0,0.0,0.0,0.0,0.0,0.0,0.0,0.0
3531,0.0,0.0,0.0,0.0,0.0,0.0,0.0,0.0,0.0
3532,0.0,0.0,0.0,0.0,0.0,0.0,0.0,0.0,0.0
3533,0.0,0.0,0.0,0.0,0.0,0.0,0.0,0.0,0.0
3534,0.0,0.0,0.0,0.0,0.0,0.0,0.0,0.0,0.0
3535,0.0,0.0,0.0,0.0,0.0,0.0,0.0,0.0,0.0
3536,0.0,0.0,0.0,0.0,0.0,0.0,0.0,0.0,0.0
3537,0.0,0.0,0.0,0.0,0.0,0.0,0.0,0.0,0.0
3538,0.0,0.0,0.0,0.0,0.0,0.0,0.0,0.0,0.0
3539,0.0,0.0,0.0,0.0,0.0,0.0,0.0,0.0,0.0
3540,0.0,0.0,0.0,0.0,0.0,0.0,0.0,0.0,0.0
3541,0.0,0.0,0.0,0.0,0.0,0.0,0.0,0.0,0.0
3542,0.0,0.0,0.0,0.0,0.0,0.0,0.0,0.0,0.0
3543,0.0,0.0,0.0,0.0,0.0,0.0,0.0,0.0,0.0
3544,0.0,0.0,0.0,0.0,0.0,0.0,0.0,0.0,0.0
3545,0.0,0.0,0.0,0.0,0.0,0.0,0.0,0.0,0.0
3546,0.0,0.0,0.0,0.0,0.0,0.0,0.0,0.0,0.0
3547,0.0,0.0,0.0,0.0,0.0,0.0,0.0,0.0,0.0
3548,0.0,0.0,0.0,0.0,0.0,0.0,0.0,0.0,0.0
3549,0.0,0.0,0.0,0.0,0.0,0.0,0.0,0.0,0.0
3550,0.0,0.0,0.0,0.0,0.0,0.0,0.0,0.0,0.0
3551,0.0,0.0,0.0,0.0,0.0,0.0,0.0,0.0,0.0
3552,0.0,0.0,0.0,0.0,0.0,0.0,0.0,0.0,0.0
3553,0.0,0.0,0.0,0.0,0.0,0.0,0.0,0.0,0.0
3554,0.0,0.0,0.0,0.0,0.0,0.0,0.0,0.0,0.0
3555,0.0,0.0,0.0,0.0,0.0,0.0,0.0,0.0,0.0
3556,0.0,0.0,0.0,0.0,0.0,0.0,0.0,0.0,0.0
3557,0.0,0.0,0.0,0.0,0.0,0.0,0.0,0.0,0.0
3558,0.0,0.0,0.0,0.0,0.0,0.0,0.0,0.0,0.0
3559,0.0,0.0,0.0,0.0,0.0,0.0,0.0,0.0,0.0
3560,0.0,0.0,0.0,0.0,0.0,0.0,0.0,0.0,0.0
3561,0.0,0.0,0.0,0.0,0.0,0.0,0.0,0.0,0.0
3562,0.0,0.0,0.0,0.0,0.0,0.0,0.0,0.0,0.0
3563,0.0,0.0,0.0,0.0,0.0,0.0,0.0,0.0,0.0
3564,0.0,0.0,0.0,0.0,0.0,0.0,0.0,0.0,0.0
3565,0.0,0.0,0.0,0.0,0.0,0.0,0.0,0.0,0.0
3566,0.0,0.0,0.0,0.0,0.0,0.0,0.0,0.0,0.0
3567,0.0,0.0,0.0,0.0,0.0,0.0,0.0,0.0,0.0
3568,0.0,0.0,0.0,0.0,0.0,0.0,0.0,0.0,0.0
3569,0.0,0.0,0.0,0.0,0.0,0.0,0.0,0.0,0.0
3570,0.0,0.0,0.0,0.0,0.0,0.0,0.0,0.0,0.0
3571,0.0,0.0,0.0,0.0,0.0,0.0,0.0,0.0,0.0
3572,0.0,0.0,0.0,0.0,0.0,0.0,0.0,0.0,0.0
3573,0.0,0.0,0.0,0.0,0.0,0.0,0.0,0.0,0.0
3574,0.0,0.0,0.0,0.0,0.0,0.0,0.0,0.0,0.0
3575,0.0,0.0,0.0,0.0,0.0,0.0,0.0,0.0,0.0
3576,0.0,0.0,0.0,0.0,0.0,0.0,0.0,0.0,0.0
3577,0.0,0.0,0.0,0.0,0.0,0.0,0.0,0.0,0.0
3578,0.0,0.0,0.0,0.0,0.0,0.0,0.0,0.0,0.0
3579,0.0,0.0,0.0,0.0,0.0,0.0,0.0,0.0,0.0
3580,0.0,0.0,0.0,0.0,0.0,0.0,0.0,0.0,0.0
3581,0.0,0.0,0.0,0.0,0.0,0.0,0.0,0.0,0.0
3582,0.0,0.0,0.0,0.0,0.0,0.0,0.0,0.0,0.0
3583,0.0,0.0,0.0,0.0,0.0,0.0,0.0,0.0,0.0
3584,0.0,0.0,0.0,0.0,0.0,0.0,0.0,0.0,0.0
3585,0.0,0.0,0.0,0.0,0.0,0.0,0.0,0.0,0.0
3586,0.0,0.0,0.0,0.0,0.0,0.0,0.0,0.0,0.0
3587,0.0,0.0,0.0,0.0,0.0,0.0,0.0,0.0,0.0
3588,0.0,0.0,0.0,0.0,0.0,0.0,0.0,0.0,0.0
3589,0.0,0.0,0.0,0.0,0.0,0.0,0.0,0.0,0.0
3590,0.0,0.0,0.0,0.0,0.0,0.0,0.0,0.0,0.0
3591,0.0,0.0,0.0,0.0,0.0,0.0,0.0,0.0,0.0
3592,0.0,0.0,0.0,0.0,0.0,0.0,0.0,0.0,0.0
3593,0.0,0.0,0.0,0.0,0.0,0.0,0.0,0.0,0.0
3594,0.0,0.0,0.0,0.0,0.0,0.0,0.0,0.0,0.0
3595,0.0,0.0,0.0,0.0,0.0,0.0,0.0,0.0,0.0
3596,0.0,0.0,0.0,0.0,0.0,0.0,0.0,0.0,0.0
3597,0.0,0.0,0.0,0.0,0.0,0.0,0.0,0.0,0.0
3598,0.0,0.0,0.0,0.0,0.0,0.0,0.0,0.0,0.0
3599,0.0,0.0,0.0,0.0,0.0,0.0,0.0,0.0,0.0
3600,0.0,0.0,0.0,0.0,0.0,0.0,0.0,0.0,0.0
3601,0.0,0.0,0.0,0.0,0.0,0.0,0.0,0.0,0.0
3602,0.0,0.0,0.0,0.0,0.0,0.0,0.0,0.0,0.0
3603,0.0,0.0,0.0,0.0,0.0,0.0,0.0,0.0,0.0
3604,0.0,0.0,0.0,0.0,0.0,0.0,0.0,0.0,0.0
3605,0.0,0.0,0.0,0.0,0.0,0.0,0.0,0.0,0.0
3606,0.0,0.0,0.0,0.0,0.0,0.0,0.0,0.0,0.0
3607,0.0,0.0,0.0,0.0,0.0,0.0,0.0,0.0,0.0
3608,0.0,0.0,0.0,0.0,0.0,0.0,0.0,0.0,0.0
3609,0.0,0.0,0.0,0.0,0.0,0.0,0.0,0.0,0.0
3610,0.0,0.0,0.0,0.0,0.0,0.0,0.0,0.0,0.0
3611,0.0,0.0,0.0,0.0,0.0,0.0,0.0,0.0,0.0
3612,0.0,0.0,0.0,0.0,0.0,0.0,0.0,0.0,0.0
3613,0.0,0.0,0.0,0.0,0.0,0.0,0.0,0.0,0.0
3614,0.0,0.0,0.0,0.0,0.0,0.0,0.0,0.0,0.0
3615,0.0,0.0,0.0,0.0,0.0,0.0,0.0,0.0,0.0
3616,0.0,0.0,0.0,0.0,0.0,0.0,0.0,0.0,0.0
3617,0.0,0.0,0.0,0.0,0.0,0.0,0.0,0.0,0.0
3618,0.0,0.0,0.0,0.0,0.0,0.0,0.0,0.0,0.0
3619,0.0,0.0,0.0,0.0,0.0,0.0,0.0,0.0,0.0
3620,0.0,0.0,0.0,0.0,0.0,0.0,0.0,0.0,0.0
3621,0.0,0.0,0.0,0.0,0.0,0.0,0.0,0.0,0.0
3622,0.0,0.0,0.0,0.0,0.0,0.0,0.0,0.0,0.0
3623,0.0,0.0,0.0,0.0,0.0,0.0,0.0,0.0,0.0
3624,0.0,0.0,0.0,0.0,0.0,0.0,0.0,0.0,0.0
3625,0.0,0.0,0.0,0.0,0.0,0.0,0.0,0.0,0.0
3626,0.0,0.0,0.0,0.0,0.0,0.0,0.0,0.0,0.0
3627,0.0,0.0,0.0,0.0,0.0,0.0,0.0,0.0,0.0
3628,0.0,0.0,0.0,0.0,0.0,0.0,0.0,0.0,0.0
3629,0.0,0.0,0.0,0.0,0.0,0.0,0.0,0.0,0.0
3630,0.0,0.0,0.0,0.0,0.0,0.0,0.0,0.0,0.0
3631,0.0,0.0,0.0,0.0,0.0,0.0,0.0,0.0,0.0
3632,0.0,0.0,0.0,0.0,0.0,0.0,0.0,0.0,0.0
3633,0.0,0.0,0.0,0.0,0.0,0.0,0.0,0.0,0.0
3634,0.0,0.0,0.0,0.0,0.0,0.0,0.0,0.0,0.0
3635,0.0,0.0,0.0,0.0,0.0,0.0,0.0,0.0,0.0
3636,0.0,0.0,0.0,0.0,0.0,0.0,0.0,0.0,0.0
3637,0.0,0.0,0.0,0.0,0.0,0.0,0.0,0.0,0.0
3638,0.0,0.0,0.0,0.0,0.0,0.0,0.0,0.0,0.0
3639,0.0,0.0,0.0,0.0,0.0,0.0,0.0,0.0,0.0
3640,0.0,0.0,0.0,0.0,0.0,0.0,0.0,0.0,0.0
3641,0.0,0.0,0.0,0.0,0.0,0.0,0.0,0.0,0.0
3642,0.0,0.0,0.0,0.0,0.0,0.0,0.0,0.0,0.0
3643,0.0,0.0,0.0,0.0,0.0,0.0,0.0,0.0,0.0
3644,0.0,0.0,0.0,0.0,0.0,0.0,0.0,0.0,0.0
3645,0.0,0.0,0.0,0.0,0.0,0.0,0.0,0.0,0.0
3646,0.0,0.0,0.0,0.0,0.0,0.0,0.0,0.0,0.0
3647,0.0,0.0,0.0,0.0,0.0,0.0,0.0,0.0,0.0
3648,0.0,0.0,0.0,0.0,0.0,0.0,0.0,0.0,0.0
3649,0.0,0.0,0.0,0.0,0.0,0.0,0.0,0.0,0.0
3650,0.0,0.0,0.0,0.0,0.0,0.0,0.0,0.0,0.0
3651,0.0,0.0,0.0,0.0,0.0,0.0,0.0,0.0,0.0
3652,0.0,0.0,0.0,0.0,0.0,0.0,0.0,0.0,0.0
3653,0.0,0.0,0.0,0.0,0.0,0.0,0.0,0.0,0.0
3654,0.0,0.0,0.0,0.0,0.0,0.0,0.0,0.0,0.0
3655,0.0,0.0,0.0,0.0,0.0,0.0,0.0,0.0,0.0
3656,0.0,0.0,0.0,0.0,0.0,0.0,0.0,0.0,0.0
3657,0.0,0.0,0.0,0.0,0.0,0.0,0.0,0.0,0.0
3658,0.0,0.0,0.0,0.0,0.0,0.0,0.0,0.0,0.0
3659,0.0,0.0,0.0,0.0,0.0,0.0,0.0,0.0,0.0
3660,0.0,0.0,0.0,0.0,0.0,0.0,0.0,0.0,0.0
3661,0.0,0.0,0.0,0.0,0.0,0.0,0.0,0.0,0.0
3662,0.0,0.0,0.0,0.0,0.0,0.0,0.0,0.0,0.0
3663,0.0,0.0,0.0,0.0,0.0,0.0,0.0,0.0,0.0
3664,0.0,0.0,0.0,0.0,0.0,0.0,0.0,0.0,0.0
3665,0.0,0.0,0.0,0.0,0.0,0.0,0.0,0.0,0.0
3666,0.0,0.0,0.0,0.0,0.0,0.0,0.0,0.0,0.0
3667,0.0,0.0,0.0,0.0,0.0,0.0,0.0,0.0,0.0
3668,0.0,0.0,0.0,0.0,0.0,0.0,0.0,0.0,0.0
3669,0.0,0.0,0.0,0.0,0.0,0.0,0.0,0.0,0.0
3670,0.0,0.0,0.0,0.0,0.0,0.0,0.0,0.0,0.0
3671,0.0,0.0,0.0,0.0,0.0,0.0,0.0,0.0,0.0
3672,0.0,0.0,0.0,0.0,0.0,0.0,0.0,0.0,0.0
3673,0.0,0.0,0.0,0.0,0.0,0.0,0.0,0.0,0.0
3674,0.0,0.0,0.0,0.0,0.0,0.0,0.0,0.0,0.0
3675,0.0,0.0,0.0,0.0,0.0,0.0,0.0,0.0,0.0
3676,0.0,0.0,0.0,0.0,0.0,0.0,0.0,0.0,0.0
3677,0.0,0.0,0.0,0.0,0.0,0.0,0.0,0.0,0.0
3678,0.0,0.0,0.0,0.0,0.0,0.0,0.0,0.0,0.0
3679,0.0,0.0,0.0,0.0,0.0,0.0,0.0,0.0,0.0
3680,0.0,0.0,0.0,0.0,0.0,0.0,0.0,0.0,0.0
3681,0.0,0.0,0.0,0.0,0.0,0.0,0.0,0.0,0.0
3682,0.0,0.0,0.0,0.0,0.0,0.0,0.0,0.0,0.0
3683,0.0,0.0,0.0,0.0,0.0,0.0,0.0,0.0,0.0
3684,0.0,0.0,0.0,0.0,0.0,0.0,0.0,0.0,0.0
3685,0.0,0.0,0.0,0.0,0.0,0.0,0.0,0.0,0.0
3686,0.0,0.0,0.0,0.0,0.0,0.0,0.0,0.0,0.0
3687,0.0,0.0,0.0,0.0,0.0,0.0,0.0,0.0,0.0
3688,0.0,0.0,0.0,0.0,0.0,0.0,0.0,0.0,0.0
3689,0.0,0.0,0.0,0.0,0.0,0.0,0.0,0.0,0.0
3690,0.0,0.0,0.0,0.0,0.0,0.0,0.0,0.0,0.0
3691,0.0,0.0,0.0,0.0,0.0,0.0,0.0,0.0,0.0
3692,0.0,0.0,0.0,0.0,0.0,0.0,0.0,0.0,0.0
3693,0.0,0.0,0.0,0.0,0.0,0.0,0.0,0.0,0.0
3694,0.0,0.0,0.0,0.0,0.0,0.0,0.0,0.0,0.0
3695,0.0,0.0,0.0,0.0,0.0,0.0,0.0,0.0,0.0
3696,0.0,0.0,0.0,0.0,0.0,0.0,0.0,0.0,0.0
3697,0.0,0.0,0.0,0.0,0.0,0.0,0.0,0.0,0.0
3698,0.0,0.0,0.0,0.0,0.0,0.0,0.0,0.0,0.0
3699,0.0,0.0,0.0,0.0,0.0,0.0,0.0,0.0,0.0
3700,0.0,0.0,0.0,0.0,0.0,0.0,0.0,0.0,0.0
3701,0.0,0.0,0.0,0.0,0.0,0.0,0.0,0.0,0.0
3702,0.0,0.0,0.0,0.0,0.0,0.0,0.0,0.0,0.0
3703,0.0,0.0,0.0,0.0,0.0,0.0,0.0,0.0,0.0
3704,0.0,0.0,0.0,0.0,0.0,0.0,0.0,0.0,0.0
3705,0.0,0.0,0.0,0.0,0.0,0.0,0.0,0.0,0.0
3706,0.0,0.0,0.0,0.0,0.0,0.0,0.0,0.0,0.0
3707,0.0,0.0,0.0,0.0,0.0,0.0,0.0,0.0,0.0
3708,0.0,0.0,0.0,0.0,0.0,0.0,0.0,0.0,0.0
3709,0.0,0.0,0.0,0.0,0.0,0.0,0.0,0.0,0.0
3710,0.0,0.0,0.0,0.0,0.0,0.0,0.0,0.0,0.0
3711,0.0,0.0,0.0,0.0,0.0,0.0,0.0,0.0,0.0
3712,0.0,0.0,0.0,0.0,0.0,0.0,0.0,0.0,0.0
3713,0.0,0.0,0.0,0.0,0.0,0.0,0.0,0.0,0.0
3714,0.0,0.0,0.0,0.0,0.0,0.0,0.0,0.0,0.0
3715,0.0,0.0,0.0,0.0,0.0,0.0,0.0,0.0,0.0
3716,0.0,0.0,0.0,0.0,0.0,0.0,0.0,0.0,0.0
3717,0.0,0.0,0.0,0.0,0.0,0.0,0.0,0.0,0.0
3718,0.0,0.0,0.0,0.0,0.0,0.0,0.0,0.0,0.0
3719,0.0,0.0,0.0,0.0,0.0,0.0,0.0,0.0,0.0
3720,0.0,0.0,0.0,0.0,0.0,0.0,0.0,0.0,0.0
3721,0.0,0.0,0.0,0.0,0.0,0.0,0.0,0.0,0.0
3722,0.0,0.0,0.0,0.0,0.0,0.0,0.0,0.0,0.0
3723,0.0,0.0,0.0,0.0,0.0,0.0,0.0,0.0,0.0
3724,0.0,0.0,0.0,0.0,0.0,0.0,0.0,0.0,0.0
3725,0.0,0.0,0.0,0.0,0.0,0.0,0.0,0.0,0.0
3726,0.0,0.0,0.0,0.0,0.0,0.0,0.0,0.0,0.0
3727,0.0,0.0,0.0,0.0,0.0,0.0,0.0,0.0,0.0
3728,0.0,0.0,0.0,0.0,0.0,0.0,0.0,0.0,0.0
3729,0.0,0.0,0.0,0.0,0.0,0.0,0.0,0.0,0.0
3730,0.0,0.0,0.0,0.0,0.0,0.0,0.0,0.0,0.0
3731,0.0,0.0,0.0,0.0,0.0,0.0,0.0,0.0,0.0
3732,0.0,0.0,0.0,0.0,0.0,0.0,0.0,0.0,0.0
3733,0.0,0.0,0.0,0.0,0.0,0.0,0.0,0.0,0.0
3734,0.0,0.0,0.0,0.0,0.0,0.0,0.0,0.0,0.0
3735,0.0,0.0,0.0,0.0,0.0,0.0,0.0,0.0,0.0
3736,0.0,0.0,0.0,0.0,0.0,0.0,0.0,0.0,0.0
3737,0.0,0.0,0.0,0.0,0.0,0.0,0.0,0.0,0.0
3738,0.0,0.0,0.0,0.0,0.0,0.0,0.0,0.0,0.0
3739,0.0,0.0,0.0,0.0,0.0,0.0,0.0,0.0,0.0
3740,0.0,0.0,0.0,0.0,0.0,0.0,0.0,0.0,0.0
3741,0.0,0.0,0.0,0.0,0.0,0.0,0.0,0.0,0.0
3742,0.0,0.0,0.0,0.0,0.0,0.0,0.0,0.0,0.0
3743,0.0,0.0,0.0,0.0,0.0,0.0,0.0,0.0,0.0
3744,0.0,0.0,0.0,0.0,0.0,0.0,0.0,0.0,0.0
3745,0.0,0.0,0.0,0.0,0.0,0.0,0.0,0.0,0.0
3746,0.0,0.0,0.0,0.0,0.0,0.0,0.0,0.0,0.0
3747,0.0,0.0,0.0,0.0,0.0,0.0,0.0,0.0,0.0
3748,0.0,0.0,0.0,0.0,0.0,0.0,0.0,0.0,0.0
3749,0.0,0.0,0.0,0.0,0.0,0.0,0.0,0.0,0.0
3750,0.0,0.0,0.0,0.0,0.0,0.0,0.0,0.0,0.0
3751,0.0,0.0,0.0,0.0,0.0,0.0,0.0,0.0,0.0
3752,0.0,0.0,0.0,0.0,0.0,0.0,0.0,0.0,0.0
3753,0.0,0.0,0.0,0.0,0.0,0.0,0.0,0.0,0.0
3754,0.0,0.0,0.0,0.0,0.0,0.0,0.0,0.0,0.0
3755,0.0,0.0,0.0,0.0,0.0,0.0,0.0,0.0,0.0
3756,0.0,0.0,0.0,0.0,0.0,0.0,0.0,0.0,0.0
3757,0.0,0.0,0.0,0.0,0.0,0.0,0.0,0.0,0.0
3758,0.0,0.0,0.0,0.0,0.0,0.0,0.0,0.0,0.0
3759,0.0,0.0,0.0,0.0,0.0,0.0,0.0,0.0,0.0
3760,0.0,0.0,0.0,0.0,0.0,0.0,0.0,0.0,0.0
3761,0.0,0.0,0.0,0.0,0.0,0.0,0.0,0.0,0.0
3762,0.0,0.0,0.0,0.0,0.0,0.0,0.0,0.0,0.0
3763,0.0,0.0,0.0,0.0,0.0,0.0,0.0,0.0,0.0
3764,0.0,0.0,0.0,0.0,0.0,0.0,0.0,0.0,0.0
3765,0.0,0.0,0.0,0.0,0.0,0.0,0.0,0.0,0.0
3766,0.0,0.0,0.0,0.0,0.0,0.0,0.0,0.0,0.0
3767,0.0,0.0,0.0,0.0,0.0,0.0,0.0,0.0,0.0
3768,0.0,0.0,0.0,0.0,0.0,0.0,0.0,0.0,0.0
3769,0.0,0.0,0.0,0.0,0.0,0.0,0.0,0.0,0.0
3770,0.0,0.0,0.0,0.0,0.0,0.0,0.0,0.0,0.0
3771,0.0,0.0,0.0,0.0,0.0,0.0,0.0,0.0,0.0
3772,0.0,0.0,0.0,0.0,0.0,0.0,0.0,0.0,0.0
3773,0.0,0.0,0.0,0.0,0.0,0.0,0.0,0.0,0.0
3774,0.0,0.0,0.0,0.0,0.0,0.0,0.0,0.0,0.0
3775,0.0,0.0,0.0,0.0,0.0,0.0,0.0,0.0,0.0
3776,0.0,0.0,0.0,0.0,0.0,0.0,0.0,0.0,0.0
3777,0.0,0.0,0.0,0.0,0.0,0.0,0.0,0.0,0.0
3778,0.0,0.0,0.0,0.0,0.0,0.0,0.0,0.0,0.0
3779,0.0,0.0,0.0,0.0,0.0,0.0,0.0,0.0,0.0
3780,0.0,0.0,0.0,0.0,0.0,0.0,0.0,0.0,0.0
3781,0.0,0.0,0.0,0.0,0.0,0.0,0.0,0.0,0.0
3782,0.0,0.0,0.0,0.0,0.0,0.0,0.0,0.0,0.0
3783,0.0,0.0,0.0,0.0,0.0,0.0,0.0,0.0,0.0
3784,0.0,0.0,0.0,0.0,0.0,0.0,0.0,0.0,0.0
3785,0.0,0.0,0.0,0.0,0.0,0.0,0.0,0.0,0.0
3786,0.0,0.0,0.0,0.0,0.0,0.0,0.0,0.0,0.0
3787,0.0,0.0,0.0,0.0,0.0,0.0,0.0,0.0,0.0
3788,0.0,0.0,0.0,0.0,0.0,0.0,0.0,0.0,0.0
3789,0.0,0.0,0.0,0.0,0.0,0.0,0.0,0.0,0.0
3790,0.0,0.0,0.0,0.0,0.0,0.0,0.0,0.0,0.0
3791,0.0,0.0,0.0,0.0,0.0,0.0,0.0,0.0,0.0
3792,0.0,0.0,0.0,0.0,0.0,0.0,0.0,0.0,0.0
3793,0.0,0.0,0.0,0.0,0.0,0.0,0.0,0.0,0.0
3794,0.0,0.0,0.0,0.0,0.0,0.0,0.0,0.0,0.0
3795,0.0,0.0,0.0,0.0,0.0,0.0,0.0,0.0,0.0
3796,0.0,0.0,0.0,0.0,0.0,0.0,0.0,0.0,0.0
3797,0.0,0.0,0.0,0.0,0.0,0.0,0.0,0.0,0.0
3798,0.0,0.0,0.0,0.0,0.0,0.0,0.0,0.0,0.0
3799,0.0,0.0,0.0,0.0,0.0,0.0,0.0,0.0,0.0
3800,0.0,0.0,0.0,0.0,0.0,0.0,0.0,0.0,0.0
3801,0.0,0.0,0.0,0.0,0.0,0.0,0.0,0.0,0.0
3802,0.0,0.0,0.0,0.0,0.0,0.0,0.0,0.0,0.0
3803,0.0,0.0,0.0,0.0,0.0,0.0,0.0,0.0,0.0
3804,0.0,0.0,0.0,0.0,0.0,0.0,0.0,0.0,0.0
3805,0.0,0.0,0.0,0.0,0.0,0.0,0.0,0.0,0.0
3806,0.0,0.0,0.0,0.0,0.0,0.0,0.0,0.0,0.0
3807,0.0,0.0,0.0,0.0,0.0,0.0,0.0,0.0,0.0
3808,0.0,0.0,0.0,0.0,0.0,0.0,0.0,0.0,0.0
3809,0.0,0.0,0.0,0.0,0.0,0.0,0.0,0.0,0.0
3810,0.0,0.0,0.0,0.0,0.0,0.0,0.0,0.0,0.0
3811,0.0,0.0,0.0,0.0,0.0,0.0,0.0,0.0,0.0
3812,0.0,0.0,0.0,0.0,0.0,0.0,0.0,0.0,0.0
3813,0.0,0.0,0.0,0.0,0.0,0.0,0.0,0.0,0.0
3814,0.0,0.0,0.0,0.0,0.0,0.0,0.0,0.0,0.0
3815,0.0,0.0,0.0,0.0,0.0,0.0,0.0,0.0,0.0
3816,0.0,0.0,0.0,0.0,0.0,0.0,0.0,0.0,0.0
3817,0.0,0.0,0.0,0.0,0.0,0.0,0.0,0.0,0.0
3818,0.0,0.0,0.0,0.0,0.0,0.0,0.0,0.0,0.0
3819,0.0,0.0,0.0,0.0,0.0,0.0,0.0,0.0,0.0
3820,0.0,0.0,0.0,0.0,0.0,0.0,0.0,0.0,0.0
3821,0.0,0.0,0.0,0.0,0.0,0.0,0.0,0.0,0.0
3822,0.0,0.0,0.0,0.0,0.0,0.0,0.0,0.0,0.0
3823,0.0,0.0,0.0,0.0,0.0,0.0,0.0,0.0,0.0
3824,0.0,0.0,0.0,0.0,0.0,0.0,0.0,0.0,0.0
3825,0.0,0.0,0.0,0.0,0.0,0.0,0.0,0.0,0.0
3826,0.0,0.0,0.0,0.0,0.0,0.0,0.0,0.0,0.0
3827,0.0,0.0,0.0,0.0,0.0,0.0,0.0,0.0,0.0
3828,0.0,0.0,0.0,0.0,0.0,0.0,0.0,0.0,0.0
3829,0.0,0.0,0.0,0.0,0.0,0.0,0.0,0.0,0.0
3830,0.0,0.0,0.0,0.0,0.0,0.0,0.0,0.0,0.0
3831,0.0,0.0,0.0,0.0,0.0,0.0,0.0,0.0,0.0
3832,0.0,0.0,0.0,0.0,0.0,0.0,0.0,0.0,0.0
3833,0.0,0.0,0.0,0.0,0.0,0.0,0.0,0.0,0.0
3834,0.0,0.0,0.0,0.0,0.0,0.0,0.0,0.0,0.0
3835,0.0,0.0,0.0,0.0,0.0,0.0,0.0,0.0,0.0
3836,0.0,0.0,0.0,0.0,0.0,0.0,0.0,0.0,0.0
3837,0.0,0.0,0.0,0.0,0.0,0.0,0.0,0.0,0.0
3838,0.0,0.0,0.0,0.0,0.0,0.0,0.0,0.0,0.0
3839,0.0,0.0,0.0,0.0,0.0,0.0,0.0,0.0,0.0
3840,0.0,0.0,0.0,0.0,0.0,0.0,0.0,0.0,0.0
3841,0.0,0.0,0.0,0.0,0.0,0.0,0.0,0.0,0.0
3842,0.0,0.0,0.0,0.0,0.0,0.0,0.0,0.0,0.0
3843,0.0,0.0,0.0,0.0,0.0,0.0,0.0,0.0,0.0
3844,0.0,0.0,0.0,0.0,0.0,0.0,0.0,0.0,0.0
3845,0.0,0.0,0.0,0.0,0.0,0.0,0.0,0.0,0.0
3846,0.0,0.0,0.0,0.0,0.0,0.0,0.0,0.0,0.0
3847,0.0,0.0,0.0,0.0,0.0,0.0,0.0,0.0,0.0
3848,0.0,0.0,0.0,0.0,0.0,0.0,0.0,0.0,0.0
3849,0.0,0.0,0.0,0.0,0.0,0.0,0.0,0.0,0.0
3850,0.0,0.0,0.0,0.0,0.0,0.0,0.0,0.0,0.0
3851,0.0,0.0,0.0,0.0,0.0,0.0,0.0,0.0,0.0
3852,0.0,0.0,0.0,0.0,0.0,0.0,0.0,0.0,0.0
3853,0.0,0.0,0.0,0.0,0.0,0.0,0.0,0.0,0.0
3854,0.0,0.0,0.0,0.0,0.0,0.0,0.0,0.0,0.0
3855,0.0,0.0,0.0,0.0,0.0,0.0,0.0,0.0,0.0
3856,0.0,0.0,0.0,0.0,0.0,0.0,0.0,0.0,0.0
3857,0.0,0.0,0.0,0.0,0.0,0.0,0.0,0.0,0.0
3858,0.0,0.0,0.0,0.0,0.0,0.0,0.0,0.0,0.0
3859,0.0,0.0,0.0,0.0,0.0,0.0,0.0,0.0,0.0
3860,0.0,0.0,0.0,0.0,0.0,0.0,0.0,0.0,0.0
3861,0.0,0.0,0.0,0.0,0.0,0.0,0.0,0.0,0.0
3862,0.0,0.0,0.0,0.0,0.0,0.0,0.0,0.0,0.0
3863,0.0,0.0,0.0,0.0,0.0,0.0,0.0,0.0,0.0
3864,0.0,0.0,0.0,0.0,0.0,0.0,0.0,0.0,0.0
3865,0.0,0.0,0.0,0.0,0.0,0.0,0.0,0.0,0.0
3866,0.0,0.0,0.0,0.0,0.0,0.0,0.0,0.0,0.0
3867,0.0,0.0,0.0,0.0,0.0,0.0,0.0,0.0,0.0
3868,0.0,0.0,0.0,0.0,0.0,0.0,0.0,0.0,0.0
3869,0.0,0.0,0.0,0.0,0.0,0.0,0.0,0.0,0.0
3870,0.0,0.0,0.0,0.0,0.0,0.0,0.0,0.0,0.0
3871,0.0,0.0,0.0,0.0,0.0,0.0,0.0,0.0,0.0
3872,0.0,0.0,0.0,0.0,0.0,0.0,0.0,0.0,0.0
3873,0.0,0.0,0.0,0.0,0.0,0.0,0.0,0.0,0.0
3874,0.0,0.0,0.0,0.0,0.0,0.0,0.0,0.0,0.0
3875,0.0,0.0,0.0,0.0,0.0,0.0,0.0,0.0,0.0
3876,0.0,0.0,0.0,0.0,0.0,0.0,0.0,0.0,0.0
3877,0.0,0.0,0.0,0.0,0.0,0.0,0.0,0.0,0.0
3878,0.0,0.0,0.0,0.0,0.0,0.0,0.0,0.0,0.0
3879,0.0,0.0,0.0,0.0,0.0,0.0,0.0,0.0,0.0
3880,0.0,0.0,0.0,0.0,0.0,0.0,0.0,0.0,0.0
3881,0.0,0.0,0.0,0.0,0.0,0.0,0.0,0.0,0.0
3882,0.0,0.0,0.0,0.0,0.0,0.0,0.0,0.0,0.0
3883,0.0,0.0,0.0,0.0,0.0,0.0,0.0,0.0,0.0
3884,0.0,0.0,0.0,0.0,0.0,0.0,0.0,0.0,0.0
3885,0.0,0.0,0.0,0.0,0.0,0.0,0.0,0.0,0.0
3886,0.0,0.0,0.0,0.0,0.0,0.0,0.0,0.0,0.0
3887,0.0,0.0,0.0,0.0,0.0,0.0,0.0,0.0,0.0
3888,0.0,0.0,0.0,0.0,0.0,0.0,0.0,0.0,0.0
3889,0.0,0.0,0.0,0.0,0.0,0.0,0.0,0.0,0.0
3890,0.0,0.0,0.0,0.0,0.0,0.0,0.0,0.0,0.0
3891,0.0,0.0,0.0,0.0,0.0,0.0,0.0,0.0,0.0
3892,0.0,0.0,0.0,0.0,0.0,0.0,0.0,0.0,0.0
3893,0.0,0.0,0.0,0.0,0.0,0.0,0.0,0.0,0.0
3894,0.0,0.0,0.0,0.0,0.0,0.0,0.0,0.0,0.0
3895,0.0,0.0,0.0,0.0,0.0,0.0,0.0,0.0,0.0
3896,0.0,0.0,0.0,0.0,0.0,0.0,0.0,0.0,0.0
3897,0.0,0.0,0.0,0.0,0.0,0.0,0.0,0.0,0.0
3898,0.0,0.0,0.0,0.0,0.0,0.0,0.0,0.0,0.0
3899,0.0,0.0,0.0,0.0,0.0,0.0,0.0,0.0,0.0
3900,0.0,0.0,0.0,0.0,0.0,0.0,0.0,0.0,0.0
3901,0.0,0.0,0.0,0.0,0.0,0.0,0.0,0.0,0.0
3902,0.0,0.0,0.0,0.0,0.0,0.0,0.0,0.0,0.0
3903,0.0,0.0,0.0,0.0,0.0,0.0,0.0,0.0,0.0
3904,0.0,0.0,0.0,0.0,0.0,0.0,0.0,0.0,0.0
3905,0.0,0.0,0.0,0.0,0.0,0.0,0.0,0.0,0.0
3906,0.0,0.0,0.0,0.0,0.0,0.0,0.0,0.0,0.0
3907,0.0,0.0,0.0,0.0,0.0,0.0,0.0,0.0,0.0
3908,0.0,0.0,0.0,0.0,0.0,0.0,0.0,0.0,0.0
3909,0.0,0.0,0.0,0.0,0.0,0.0,0.0,0.0,0.0
3910,0.0,0.0,0.0,0.0,0.0,0.0,0.0,0.0,0.0
3911,0.0,0.0,0.0,0.0,0.0,0.0,0.0,0.0,0.0
3912,0.0,0.0,0.0,0.0,0.0,0.0,0.0,0.0,0.0
3913,0.0,0.0,0.0,0.0,0.0,0.0,0.0,0.0,0.0
3914,0.0,0.0,0.0,0.0,0.0,0.0,0.0,0.0,0.0
3915,0.0,0.0,0.0,0.0,0.0,0.0,0.0,0.0,0.0
3916,0.0,0.0,0.0,0.0,0.0,0.0,0.0,0.0,0.0
3917,0.0,0.0,0.0,0.0,0.0,0.0,0.0,0.0,0.0
3918,0.0,0.0,0.0,0.0,0.0,0.0,0.0,0.0,0.0
3919,0.0,0.0,0.0,0.0,0.0,0.0,0.0,0.0,0.0
3920,0.0,0.0,0.0,0.0,0.0,0.0,0.0,0.0,0.0
3921,0.0,0.0,0.0,0.0,0.0,0.0,0.0,0.0,0.0
3922,0.0,0.0,0.0,0.0,0.0,0.0,0.0,0.0,0.0
3923,0.0,0.0,0.0,0.0,0.0,0.0,0.0,0.0,0.0
3924,0.0,0.0,0.0,0.0,0.0,0.0,0.0,0.0,0.0
3925,0.0,0.0,0.0,0.0,0.0,0.0,0.0,0.0,0.0
3926,0.0,0.0,0.0,0.0,0.0,0.0,0.0,0.0,0.0
3927,0.0,0.0,0.0,0.0,0.0,0.0,0.0,0.0,0.0
3928,0.0,0.0,0.0,0.0,0.0,0.0,0.0,0.0,0.0
3929,0.0,0.0,0.0,0.0,0.0,0.0,0.0,0.0,0.0
3930,0.0,0.0,0.0,0.0,0.0,0.0,0.0,0.0,0.0
3931,0.0,0.0,0.0,0.0,0.0,0.0,0.0,0.0,0.0
3932,0.0,0.0,0.0,0.0,0.0,0.0,0.0,0.0,0.0
3933,0.0,0.0,0.0,0.0,0.0,0.0,0.0,0.0,0.0
3934,0.0,0.0,0.0,0.0,0.0,0.0,0.0,0.0,0.0
3935,0.0,0.0,0.0,0.0,0.0,0.0,0.0,0.0,0.0
3936,0.0,0.0,0.0,0.0,0.0,0.0,0.0,0.0,0.0
3937,0.0,0.0,0.0,0.0,0.0,0.0,0.0,0.0,0.0
3938,0.0,0.0,0.0,0.0,0.0,0.0,0.0,0.0,0.0
3939,0.0,0.0,0.0,0.0,0.0,0.0,0.0,0.0,0.0
3940,0.0,0.0,0.0,0.0,0.0,0.0,0.0,0.0,0.0
3941,0.0,0.0,0.0,0.0,0.0,0.0,0.0,0.0,0.0
3942,0.0,0.0,0.0,0.0,0.0,0.0,0.0,0.0,0.0
3943,0.0,0.0,0.0,0.0,0.0,0.0,0.0,0.0,0.0
3944,0.0,0.0,0.0,0.0,0.0,0.0,0.0,0.0,0.0
3945,0.0,0.0,0.0,0.0,0.0,0.0,0.0,0.0,0.0
3946,0.0,0.0,0.0,0.0,0.0,0.0,0.0,0.0,0.0
3947,0.0,0.0,0.0,0.0,0.0,0.0,0.0,0.0,0.0
3948,0.0,0.0,0.0,0.0,0.0,0.0,0.0,0.0,0.0
3949,0.0,0.0,0.0,0.0,0.0,0.0,0.0,0.0,0.0
3950,0.0,0.0,0.0,0.0,0.0,0.0,0.0,0.0,0.0
3951,0.0,0.0,0.0,0.0,0.0,0.0,0.0,0.0,0.0
3952,0.0,0.0,0.0,0.0,0.0,0.0,0.0,0.0,0.0
3953,0.0,0.0,0.0,0.0,0.0,0.0,0.0,0.0,0.0
3954,0.0,0.0,0.0,0.0,0.0,0.0,0.0,0.0,0.0
3955,0.0,0.0,0.0,0.0,0.0,0.0,0.0,0.0,0.0
3956,0.0,0.0,0.0,0.0,0.0,0.0,0.0,0.0,0.0
3957,0.0,0.0,0.0,0.0,0.0,0.0,0.0,0.0,0.0
3958,0.0,0.0,0.0,0.0,0.0,0.0,0.0,0.0,0.0
3959,0.0,0.0,0.0,0.0,0.0,0.0,0.0,0.0,0.0
3960,0.0,0.0,0.0,0.0,0.0,0.0,0.0,0.0,0.0
3961,0.0,0.0,0.0,0.0,0.0,0.0,0.0,0.0,0.0
3962,0.0,0.0,0.0,0.0,0.0,0.0,0.0,0.0,0.0
3963,0.0,0.0,0.0,0.0,0.0,0.0,0.0,0.0,0.0
3964,0.0,0.0,0.0,0.0,0.0,0.0,0.0,0.0,0.0
3965,0.0,0.0,0.0,0.0,0.0,0.0,0.0,0.0,0.0
3966,0.0,0.0,0.0,0.0,0.0,0.0,0.0,0.0,0.0
3967,0.0,0.0,0.0,0.0,0.0,0.0,0.0,0.0,0.0
3968,0.0,0.0,0.0,0.0,0.0,0.0,0.0,0.0,0.0
3969,0.0,0.0,0.0,0.0,0.0,0.0,0.0,0.0,0.0
3970,0.0,0.0,0.0,0.0,0.0,0.0,0.0,0.0,0.0
3971,0.0,0.0,0.0,0.0,0.0,0.0,0.0,0.0,0.0
3972,0.0,0.0,0.0,0.0,0.0,0.0,0.0,0.0,0.0
3973,0.0,0.0,0.0,0.0,0.0,0.0,0.0,0.0,0.0
3974,0.0,0.0,0.0,0.0,0.0,0.0,0.0,0.0,0.0
3975,0.0,0.0,0.0,0.0,0.0,0.0,0.0,0.0,0.0
3976,0.0,0.0,0.0,0.0,0.0,0.0,0.0,0.0,0.0
3977,0.0,0.0,0.0,0.0,0.0,0.0,0.0,0.0,0.0
3978,0.0,0.0,0.0,0.0,0.0,0.0,0.0,0.0,0.0
3979,0.0,0.0,0.0,0.0,0.0,0.0,0.0,0.0,0.0
3980,0.0,0.0,0.0,0.0,0.0,0.0,0.0,0.0,0.0
3981,0.0,0.0,0.0,0.0,0.0,0.0,0.0,0.0,0.0
3982,0.0,0.0,0.0,0.0,0.0,0.0,0.0,0.0,0.0
3983,0.0,0.0,0.0,0.0,0.0,0.0,0.0,0.0,0.0
3984,0.0,0.0,0.0,0.0,0.0,0.0,0.0,0.0,0.0
3985,0.0,0.0,0.0,0.0,0.0,0.0,0.0,0.0,0.0
3986,0.0,0.0,0.0,0.0,0.0,0.0,0.0,0.0,0.0
3987,0.0,0.0,0.0,0.0,0.0,0.0,0.0,0.0,0.0
3988,0.0,0.0,0.0,0.0,0.0,0.0,0.0,0.0,0.0
3989,0.0,0.0,0.0,0.0,0.0,0.0,0.0,0.0,0.0
3990,0.0,0.0,0.0,0.0,0.0,0.0,0.0,0.0,0.0
3991,0.0,0.0,0.0,0.0,0.0,0.0,0.0,0.0,0.0
3992,0.0,0.0,0.0,0.0,0.0,0.0,0.0,0.0,0.0
3993,0.0,0.0,0.0,0.0,0.0,0.0,0.0,0.0,0.0
3994,0.0,0.0,0.0,0.0,0.0,0.0,0.0,0.0,0.0
3995,0.0,0.0,0.0,0.0,0.0,0.0,0.0,0.0,0.0
3996,0.0,0.0,0.0,0.0,0.0,0.0,0.0,0.0,0.0
3997,0.0,0.0,0.0,0.0,0.0,0.0,0.0,0.0,0.0
3998,0.0,0.0,0.0,0.0,0.0,0.0,0.0,0.0,0.0
3999,0.0,0.0,0.0,0.0,0.0,0.0,0.0,0.0,0.0
4000,0.0,0.0,0.0,0.0,0.0,0.0,0.0,0.0,0.0
4001,0.0,0.0,0.0,0.0,0.0,0.0,0.0,0.0,0.0
4002,0.0,0.0,0.0,0.0,0.0,0.0,0.0,0.0,0.0
4003,0.0,0.0,0.0,0.0,0.0,0.0,0.0,0.0,0.0
4004,0.0,0.0,0.0,0.0,0.0,0.0,0.0,0.0,0.0
4005,0.0,0.0,0.0,0.0,0.0,0.0,0.0,0.0,0.0
4006,0.0,0.0,0.0,0.0,0.0,0.0,0.0,0.0,0.0
4007,0.0,0.0,0.0,0.0,0.0,0.0,0.0,0.0,0.0
4008,0.0,0.0,0.0,0.0,0.0,0.0,0.0,0.0,0.0
4009,0.0,0.0,0.0,0.0,0.0,0.0,0.0,0.0,0.0
4010,0.0,0.0,0.0,0.0,0.0,0.0,0.0,0.0,0.0
4011,0.0,0.0,0.0,0.0,0.0,0.0,0.0,0.0,0.0
4012,0.0,0.0,0.0,0.0,0.0,0.0,0.0,0.0,0.0
4013,0.0,0.0,0.0,0.0,0.0,0.0,0.0,0.0,0.0
4014,0.0,0.0,0.0,0.0,0.0,0.0,0.0,0.0,0.0
4015,0.0,0.0,0.0,0.0,0.0,0.0,0.0,0.0,0.0
4016,0.0,0.0,0.0,0.0,0.0,0.0,0.0,0.0,0.0
4017,0.0,0.0,0.0,0.0,0.0,0.0,0.0,0.0,0.0
4018,0.0,0.0,0.0,0.0,0.0,0.0,0.0,0.0,0.0
4019,0.0,0.0,0.0,0.0,0.0,0.0,0.0,0.0,0.0
4020,0.0,0.0,0.0,0.0,0.0,0.0,0.0,0.0,0.0
4021,0.0,0.0,0.0,0.0,0.0,0.0,0.0,0.0,0.0
4022,0.0,0.0,0.0,0.0,0.0,0.0,0.0,0.0,0.0
4023,0.0,0.0,0.0,0.0,0.0,0.0,0.0,0.0,0.0
4024,0.0,0.0,0.0,0.0,0.0,0.0,0.0,0.0,0.0
4025,0.0,0.0,0.0,0.0,0.0,0.0,0.0,0.0,0.0
4026,0.0,0.0,0.0,0.0,0.0,0.0,0.0,0.0,0.0
4027,0.0,0.0,0.0,0.0,0.0,0.0,0.0,0.0,0.0
4028,0.0,0.0,0.0,0.0,0.0,0.0,0.0,0.0,0.0
4029,0.0,0.0,0.0,0.0,0.0,0.0,0.0,0.0,0.0
4030,0.0,0.0,0.0,0.0,0.0,0.0,0.0,0.0,0.0
4031,0.0,0.0,0.0,0.0,0.0,0.0,0.0,0.0,0.0
4032,0.0,0.0,0.0,0.0,0.0,0.0,0.0,0.0,0.0
4033,0.0,0.0,0.0,0.0,0.0,0.0,0.0,0.0,0.0
4034,0.0,0.0,0.0,0.0,0.0,0.0,0.0,0.0,0.0
4035,0.0,0.0,0.0,0.0,0.0,0.0,0.0,0.0,0.0
4036,0.0,0.0,0.0,0.0,0.0,0.0,0.0,0.0,0.0
4037,0.0,0.0,0.0,0.0,0.0,0.0,0.0,0.0,0.0
4038,0.0,0.0,0.0,0.0,0.0,0.0,0.0,0.0,0.0
4039,0.0,0.0,0.0,0.0,0.0,0.0,0.0,0.0,0.0
4040,0.0,0.0,0.0,0.0,0.0,0.0,0.0,0.0,0.0
4041,0.0,0.0,0.0,0.0,0.0,0.0,0.0,0.0,0.0
4042,0.0,0.0,0.0,0.0,0.0,0.0,0.0,0.0,0.0
4043,0.0,0.0,0.0,0.0,0.0,0.0,0.0,0.0,0.0
4044,0.0,0.0,0.0,0.0,0.0,0.0,0.0,0.0,0.0
4045,0.0,0.0,0.0,0.0,0.0,0.0,0.0,0.0,0.0
4046,0.0,0.0,0.0,0.0,0.0,0.0,0.0,0.0,0.0
4047,0.0,0.0,0.0,0.0,0.0,0.0,0.0,0.0,0.0
4048,0.0,0.0,0.0,0.0,0.0,0.0,0.0,0.0,0.0
4049,0.0,0.0,0.0,0.0,0.0,0.0,0.0,0.0,0.0
4050,0.0,0.0,0.0,0.0,0.0,0.0,0.0,0.0,0.0
4051,0.0,0.0,0.0,0.0,0.0,0.0,0.0,0.0,0.0
4052,0.0,0.0,0.0,0.0,0.0,0.0,0.0,0.0,0.0
4053,0.0,0.0,0.0,0.0,0.0,0.0,0.0,0.0,0.0
4054,0.0,0.0,0.0,0.0,0.0,0.0,0.0,0.0,0.0
4055,0.0,0.0,0.0,0.0,0.0,0.0,0.0,0.0,0.0
4056,0.0,0.0,0.0,0.0,0.0,0.0,0.0,0.0,0.0
4057,0.0,0.0,0.0,0.0,0.0,0.0,0.0,0.0,0.0
4058,0.0,0.0,0.0,0.0,0.0,0.0,0.0,0.0,0.0
4059,0.0,0.0,0.0,0.0,0.0,0.0,0.0,0.0,0.0
4060,0.0,0.0,0.0,0.0,0.0,0.0,0.0,0.0,0.0
4061,0.0,0.0,0.0,0.0,0.0,0.0,0.0,0.0,0.0
4062,0.0,0.0,0.0,0.0,0.0,0.0,0.0,0.0,0.0
4063,0.0,0.0,0.0,0.0,0.0,0.0,0.0,0.0,0.0
4064,0.0,0.0,0.0,0.0,0.0,0.0,0.0,0.0,0.0
4065,0.0,0.0,0.0,0.0,0.0,0.0,0.0,0.0,0.0
4066,0.0,0.0,0.0,0.0,0.0,0.0,0.0,0.0,0.0
4067,0.0,0.0,0.0,0.0,0.0,0.0,0.0,0.0,0.0
4068,0.0,0.0,0.0,0.0,0.0,0.0,0.0,0.0,0.0
4069,0.0,0.0,0.0,0.0,0.0,0.0,0.0,0.0,0.0
4070,0.0,0.0,0.0,0.0,0.0,0.0,0.0,0.0,0.0
4071,0.0,0.0,0.0,0.0,0.0,0.0,0.0,0.0,0.0
4072,0.0,0.0,0.0,0.0,0.0,0.0,0.0,0.0,0.0
4073,0.0,0.0,0.0,0.0,0.0,0.0,0.0,0.0,0.0
4074,0.0,0.0,0.0,0.0,0.0,0.0,0.0,0.0,0.0
4075,0.0,0.0,0.0,0.0,0.0,0.0,0.0,0.0,0.0
4076,0.0,0.0,0.0,0.0,0.0,0.0,0.0,0.0,0.0
4077,0.0,0.0,0.0,0.0,0.0,0.0,0.0,0.0,0.0
4078,0.0,0.0,0.0,0.0,0.0,0.0,0.0,0.0,0.0
4079,0.0,0.0,0.0,0.0,0.0,0.0,0.0,0.0,0.0
4080,0.0,0.0,0.0,0.0,0.0,0.0,0.0,0.0,0.0
4081,0.0,0.0,0.0,0.0,0.0,0.0,0.0,0.0,0.0
4082,0.0,0.0,0.0,0.0,0.0,0.0,0.0,0.0,0.0
4083,0.0,0.0,0.0,0.0,0.0,0.0,0.0,0.0,0.0
4084,0.0,0.0,0.0,0.0,0.0,0.0,0.0,0.0,0.0
4085,0.0,0.0,0.0,0.0,0.0,0.0,0.0,0.0,0.0
4086,0.0,0.0,0.0,0.0,0.0,0.0,0.0,0.0,0.0
4087,0.0,0.0,0.0,0.0,0.0,0.0,0.0,0.0,0.0
4088,0.0,0.0,0.0,0.0,0.0,0.0,0.0,0.0,0.0
4089,0.0,0.0,0.0,0.0,0.0,0.0,0.0,0.0,0.0
4090,0.0,0.0,0.0,0.0,0.0,0.0,0.0,0.0,0.0
4091,0.0,0.0,0.0,0.0,0.0,0.0,0.0,0.0,0.0
4092,0.0,0.0,0.0,0.0,0.0,0.0,0.0,0.0,0.0
4093,0.0,0.0,0.0,0.0,0.0,0.0,0.0,0.0,0.0
4094,0.0,0.0,0.0,0.0,0.0,0.0,0.0,0.0,0.0
4095,0.0,0.0,0.0,0.0,0.0,0.0,0.0,0.0,0.0
4096,0.0,0.0,0.0,0.0,0.0,0.0,0.0,0.0,0.0
4097,0.0,0.0,0.0,0.0,0.0,0.0,0.0,0.0,0.0
4098,0.0,0.0,0.0,0.0,0.0,0.0,0.0,0.0,0.0
4099,0.0,0.0,0.0,0.0,0.0,0.0,0.0,0.0,0.0
4100,0.0,0.0,0.0,0.0,0.0,0.0,0.0,0.0,0.0
4101,0.0,0.0,0.0,0.0,0.0,0.0,0.0,0.0,0.0
4102,0.0,0.0,0.0,0.0,0.0,0.0,0.0,0.0,0.0
4103,0.0,0.0,0.0,0.0,0.0,0.0,0.0,0.0,0.0
4104,0.0,0.0,0.0,0.0,0.0,0.0,0.0,0.0,0.0
4105,0.0,0.0,0.0,0.0,0.0,0.0,0.0,0.0,0.0
4106,0.0,0.0,0.0,0.0,0.0,0.0,0.0,0.0,0.0
4107,0.0,0.0,0.0,0.0,0.0,0.0,0.0,0.0,0.0
4108,0.0,0.0,0.0,0.0,0.0,0.0,0.0,0.0,0.0
4109,0.0,0.0,0.0,0.0,0.0,0.0,0.0,0.0,0.0
4110,0.0,0.0,0.0,0.0,0.0,0.0,0.0,0.0,0.0
4111,0.0,0.0,0.0,0.0,0.0,0.0,0.0,0.0,0.0
4112,0.0,0.0,0.0,0.0,0.0,0.0,0.0,0.0,0.0
4113,0.0,0.0,0.0,0.0,0.0,0.0,0.0,0.0,0.0
4114,0.0,0.0,0.0,0.0,0.0,0.0,0.0,0.0,0.0
4115,0.0,0.0,0.0,0.0,0.0,0.0,0.0,0.0,0.0
4116,0.0,0.0,0.0,0.0,0.0,0.0,0.0,0.0,0.0
4117,0.0,0.0,0.0,0.0,0.0,0.0,0.0,0.0,0.0
4118,0.0,0.0,0.0,0.0,0.0,0.0,0.0,0.0,0.0
4119,0.0,0.0,0.0,0.0,0.0,0.0,0.0,0.0,0.0
4120,0.0,0.0,0.0,0.0,0.0,0.0,0.0,0.0,0.0
4121,0.0,0.0,0.0,0.0,0.0,0.0,0.0,0.0,0.0
4122,0.0,0.0,0.0,0.0,0.0,0.0,0.0,0.0,0.0
4123,0.0,0.0,0.0,0.0,0.0,0.0,0.0,0.0,0.0
4124,0.0,0.0,0.0,0.0,0.0,0.0,0.0,0.0,0.0
4125,0.0,0.0,0.0,0.0,0.0,0.0,0.0,0.0,0.0
4126,0.0,0.0,0.0,0.0,0.0,0.0,0.0,0.0,0.0
4127,0.0,0.0,0.0,0.0,0.0,0.0,0.0,0.0,0.0
4128,0.0,0.0,0.0,0.0,0.0,0.0,0.0,0.0,0.0
4129,0.0,0.0,0.0,0.0,0.0,0.0,0.0,0.0,0.0
4130,0.0,0.0,0.0,0.0,0.0,0.0,0.0,0.0,0.0
4131,0.0,0.0,0.0,0.0,0.0,0.0,0.0,0.0,0.0
4132,0.0,0.0,0.0,0.0,0.0,0.0,0.0,0.0,0.0
4133,0.0,0.0,0.0,0.0,0.0,0.0,0.0,0.0,0.0
4134,0.0,0.0,0.0,0.0,0.0,0.0,0.0,0.0,0.0
4135,0.0,0.0,0.0,0.0,0.0,0.0,0.0,0.0,0.0
4136,0.0,0.0,0.0,0.0,0.0,0.0,0.0,0.0,0.0
4137,0.0,0.0,0.0,0.0,0.0,0.0,0.0,0.0,0.0
4138,0.0,0.0,0.0,0.0,0.0,0.0,0.0,0.0,0.0
4139,0.0,0.0,0.0,0.0,0.0,0.0,0.0,0.0,0.0
4140,0.0,0.0,0.0,0.0,0.0,0.0,0.0,0.0,0.0
4141,0.0,0.0,0.0,0.0,0.0,0.0,0.0,0.0,0.0
4142,0.0,0.0,0.0,0.0,0.0,0.0,0.0,0.0,0.0
4143,0.0,0.0,0.0,0.0,0.0,0.0,0.0,0.0,0.0
4144,0.0,0.0,0.0,0.0,0.0,0.0,0.0,0.0,0.0
4145,0.0,0.0,0.0,0.0,0.0,0.0,0.0,0.0,0.0
4146,0.0,0.0,0.0,0.0,0.0,0.0,0.0,0.0,0.0
4147,0.0,0.0,0.0,0.0,0.0,0.0,0.0,0.0,0.0
4148,0.0,0.0,0.0,0.0,0.0,0.0,0.0,0.0,0.0
4149,0.0,0.0,0.0,0.0,0.0,0.0,0.0,0.0,0.0
4150,0.0,0.0,0.0,0.0,0.0,0.0,0.0,0.0,0.0
4151,0.0,0.0,0.0,0.0,0.0,0.0,0.0,0.0,0.0
4152,0.0,0.0,0.0,0.0,0.0,0.0,0.0,0.0,0.0
4153,0.0,0.0,0.0,0.0,0.0,0.0,0.0,0.0,0.0
4154,0.0,0.0,0.0,0.0,0.0,0.0,0.0,0.0,0.0
4155,0.0,0.0,0.0,0.0,0.0,0.0,0.0,0.0,0.0
4156,0.0,0.0,0.0,0.0,0.0,0.0,0.0,0.0,0.0
4157,0.0,0.0,0.0,0.0,0.0,0.0,0.0,0.0,0.0
4158,0.0,0.0,0.0,0.0,0.0,0.0,0.0,0.0,0.0
4159,0.0,0.0,0.0,0.0,0.0,0.0,0.0,0.0,0.0
4160,0.0,0.0,0.0,0.0,0.0,0.0,0.0,0.0,0.0
4161,0.0,0.0,0.0,0.0,0.0,0.0,0.0,0.0,0.0
4162,0.0,0.0,0.0,0.0,0.0,0.0,0.0,0.0,0.0
4163,0.0,0.0,0.0,0.0,0.0,0.0,0.0,0.0,0.0
4164,0.0,0.0,0.0,0.0,0.0,0.0,0.0,0.0,0.0
4165,0.0,0.0,0.0,0.0,0.0,0.0,0.0,0.0,0.0
4166,0.0,0.0,0.0,0.0,0.0,0.0,0.0,0.0,0.0
4167,0.0,0.0,0.0,0.0,0.0,0.0,0.0,0.0,0.0
4168,0.0,0.0,0.0,0.0,0.0,0.0,0.0,0.0,0.0
4169,0.0,0.0,0.0,0.0,0.0,0.0,0.0,0.0,0.0
4170,0.0,0.0,0.0,0.0,0.0,0.0,0.0,0.0,0.0
4171,0.0,0.0,0.0,0.0,0.0,0.0,0.0,0.0,0.0
4172,0.0,0.0,0.0,0.0,0.0,0.0,0.0,0.0,0.0
4173,0.0,0.0,0.0,0.0,0.0,0.0,0.0,0.0,0.0
4174,0.0,0.0,0.0,0.0,0.0,0.0,0.0,0.0,0.0
4175,0.0,0.0,0.0,0.0,0.0,0.0,0.0,0.0,0.0
4176,0.0,0.0,0.0,0.0,0.0,0.0,0.0,0.0,0.0
4177,0.0,0.0,0.0,0.0,0.0,0.0,0.0,0.0,0.0
4178,0.0,0.0,0.0,0.0,0.0,0.0,0.0,0.0,0.0
4179,0.0,0.0,0.0,0.0,0.0,0.0,0.0,0.0,0.0
4180,0.0,0.0,0.0,0.0,0.0,0.0,0.0,0.0,0.0
4181,0.0,0.0,0.0,0.0,0.0,0.0,0.0,0.0,0.0
4182,0.0,0.0,0.0,0.0,0.0,0.0,0.0,0.0,0.0
4183,0.0,0.0,0.0,0.0,0.0,0.0,0.0,0.0,0.0
4184,0.0,0.0,0.0,0.0,0.0,0.0,0.0,0.0,0.0
4185,0.0,0.0,0.0,0.0,0.0,0.0,0.0,0.0,0.0
4186,0.0,0.0,0.0,0.0,0.0,0.0,0.0,0.0,0.0
4187,0.0,0.0,0.0,0.0,0.0,0.0,0.0,0.0,0.0
4188,0.0,0.0,0.0,0.0,0.0,0.0,0.0,0.0,0.0
4189,0.0,0.0,0.0,0.0,0.0,0.0,0.0,0.0,0.0
4190,0.0,0.0,0.0,0.0,0.0,0.0,0.0,0.0,0.0
4191,0.0,0.0,0.0,0.0,0.0,0.0,0.0,0.0,0.0
4192,0.0,0.0,0.0,0.0,0.0,0.0,0.0,0.0,0.0
4193,0.0,0.0,0.0,0.0,0.0,0.0,0.0,0.0,0.0
4194,0.0,0.0,0.0,0.0,0.0,0.0,0.0,0.0,0.0
4195,0.0,0.0,0.0,0.0,0.0,0.0,0.0,0.0,0.0
4196,0.0,0.0,0.0,0.0,0.0,0.0,0.0,0.0,0.0
4197,0.0,0.0,0.0,0.0,0.0,0.0,0.0,0.0,0.0
4198,0.0,0.0,0.0,0.0,0.0,0.0,0.0,0.0,0.0
4199,0.0,0.0,0.0,0.0,0.0,0.0,0.0,0.0,0.0
4200,0.0,0.0,0.0,0.0,0.0,0.0,0.0,0.0,0.0
4201,0.0,0.0,0.0,0.0,0.0,0.0,0.0,0.0,0.0
4202,0.0,0.0,0.0,0.0,0.0,0.0,0.0,0.0,0.0
4203,0.0,0.0,0.0,0.0,0.0,0.0,0.0,0.0,0.0
4204,0.0,0.0,0.0,0.0,0.0,0.0,0.0,0.0,0.0
4205,0.0,0.0,0.0,0.0,0.0,0.0,0.0,0.0,0.0
4206,0.0,0.0,0.0,0.0,0.0,0.0,0.0,0.0,0.0
4207,0.0,0.0,0.0,0.0,0.0,0.0,0.0,0.0,0.0
4208,0.0,0.0,0.0,0.0,0.0,0.0,0.0,0.0,0.0
4209,0.0,0.0,0.0,0.0,0.0,0.0,0.0,0.0,0.0
4210,0.0,0.0,0.0,0.0,0.0,0.0,0.0,0.0,0.0
4211,0.0,0.0,0.0,0.0,0.0,0.0,0.0,0.0,0.0
4212,0.0,0.0,0.0,0.0,0.0,0.0,0.0,0.0,0.0
4213,0.0,0.0,0.0,0.0,0.0,0.0,0.0,0.0,0.0
4214,0.0,0.0,0.0,0.0,0.0,0.0,0.0,0.0,0.0
4215,0.0,0.0,0.0,0.0,0.0,0.0,0.0,0.0,0.0
4216,0.0,0.0,0.0,0.0,0.0,0.0,0.0,0.0,0.0
4217,0.0,0.0,0.0,0.0,0.0,0.0,0.0,0.0,0.0
4218,0.0,0.0,0.0,0.0,0.0,0.0,0.0,0.0,0.0
4219,0.0,0.0,0.0,0.0,0.0,0.0,0.0,0.0,0.0
4220,0.0,0.0,0.0,0.0,0.0,0.0,0.0,0.0,0.0
4221,0.0,0.0,0.0,0.0,0.0,0.0,0.0,0.0,0.0
4222,0.0,0.0,0.0,0.0,0.0,0.0,0.0,0.0,0.0
4223,0.0,0.0,0.0,0.0,0.0,0.0,0.0,0.0,0.0
4224,0.0,0.0,0.0,0.0,0.0,0.0,0.0,0.0,0.0
4225,0.0,0.0,0.0,0.0,0.0,0.0,0.0,0.0,0.0
4226,0.0,0.0,0.0,0.0,0.0,0.0,0.0,0.0,0.0
4227,0.0,0.0,0.0,0.0,0.0,0.0,0.0,0.0,0.0
4228,0.0,0.0,0.0,0.0,0.0,0.0,0.0,0.0,0.0
4229,0.0,0.0,0.0,0.0,0.0,0.0,0.0,0.0,0.0
4230,0.0,0.0,0.0,0.0,0.0,0.0,0.0,0.0,0.0
4231,0.0,0.0,0.0,0.0,0.0,0.0,0.0,0.0,0.0
4232,0.0,0.0,0.0,0.0,0.0,0.0,0.0,0.0,0.0
4233,0.0,0.0,0.0,0.0,0.0,0.0,0.0,0.0,0.0
4234,0.0,0.0,0.0,0.0,0.0,0.0,0.0,0.0,0.0
4235,0.0,0.0,0.0,0.0,0.0,0.0,0.0,0.0,0.0
4236,0.0,0.0,0.0,0.0,0.0,0.0,0.0,0.0,0.0
4237,0.0,0.0,0.0,0.0,0.0,0.0,0.0,0.0,0.0
4238,0.0,0.0,0.0,0.0,0.0,0.0,0.0,0.0,0.0
4239,0.0,0.0,0.0,0.0,0.0,0.0,0.0,0.0,0.0
4240,0.0,0.0,0.0,0.0,0.0,0.0,0.0,0.0,0.0
4241,0.0,0.0,0.0,0.0,0.0,0.0,0.0,0.0,0.0
4242,0.0,0.0,0.0,0.0,0.0,0.0,0.0,0.0,0.0
4243,0.0,0.0,0.0,0.0,0.0,0.0,0.0,0.0,0.0
4244,0.0,0.0,0.0,0.0,0.0,0.0,0.0,0.0,0.0
4245,0.0,0.0,0.0,0.0,0.0,0.0,0.0,0.0,0.0
4246,0.0,0.0,0.0,0.0,0.0,0.0,0.0,0.0,0.0
4247,0.0,0.0,0.0,0.0,0.0,0.0,0.0,0.0,0.0
4248,0.0,0.0,0.0,0.0,0.0,0.0,0.0,0.0,0.0
4249,0.0,0.0,0.0,0.0,0.0,0.0,0.0,0.0,0.0
4250,0.0,0.0,0.0,0.0,0.0,0.0,0.0,0.0,0.0
4251,0.0,0.0,0.0,0.0,0.0,0.0,0.0,0.0,0.0
4252,0.0,0.0,0.0,0.0,0.0,0.0,0.0,0.0,0.0
4253,0.0,0.0,0.0,0.0,0.0,0.0,0.0,0.0,0.0
4254,0.0,0.0,0.0,0.0,0.0,0.0,0.0,0.0,0.0
4255,0.0,0.0,0.0,0.0,0.0,0.0,0.0,0.0,0.0
4256,0.0,0.0,0.0,0.0,0.0,0.0,0.0,0.0,0.0
4257,0.0,0.0,0.0,0.0,0.0,0.0,0.0,0.0,0.0
4258,0.0,0.0,0.0,0.0,0.0,0.0,0.0,0.0,0.0
4259,0.0,0.0,0.0,0.0,0.0,0.0,0.0,0.0,0.0
4260,0.0,0.0,0.0,0.0,0.0,0.0,0.0,0.0,0.0
4261,0.0,0.0,0.0,0.0,0.0,0.0,0.0,0.0,0.0
4262,0.0,0.0,0.0,0.0,0.0,0.0,0.0,0.0,0.0
4263,0.0,0.0,0.0,0.0,0.0,0.0,0.0,0.0,0.0
4264,0.0,0.0,0.0,0.0,0.0,0.0,0.0,0.0,0.0
4265,0.0,0.0,0.0,0.0,0.0,0.0,0.0,0.0,0.0
4266,0.0,0.0,0.0,0.0,0.0,0.0,0.0,0.0,0.0
4267,0.0,0.0,0.0,0.0,0.0,0.0,0.0,0.0,0.0
4268,0.0,0.0,0.0,0.0,0.0,0.0,0.0,0.0,0.0
4269,0.0,0.0,0.0,0.0,0.0,0.0,0.0,0.0,0.0
4270,0.0,0.0,0.0,0.0,0.0,0.0,0.0,0.0,0.0
4271,0.0,0.0,0.0,0.0,0.0,0.0,0.0,0.0,0.0
4272,0.0,0.0,0.0,0.0,0.0,0.0,0.0,0.0,0.0
4273,0.0,0.0,0.0,0.0,0.0,0.0,0.0,0.0,0.0
4274,0.0,0.0,0.0,0.0,0.0,0.0,0.0,0.0,0.0
4275,0.0,0.0,0.0,0.0,0.0,0.0,0.0,0.0,0.0
4276,0.0,0.0,0.0,0.0,0.0,0.0,0.0,0.0,0.0
4277,0.0,0.0,0.0,0.0,0.0,0.0,0.0,0.0,0.0
4278,0.0,0.0,0.0,0.0,0.0,0.0,0.0,0.0,0.0
4279,0.0,0.0,0.0,0.0,0.0,0.0,0.0,0.0,0.0
4280,0.0,0.0,0.0,0.0,0.0,0.0,0.0,0.0,0.0
4281,0.0,0.0,0.0,0.0,0.0,0.0,0.0,0.0,0.0
4282,0.0,0.0,0.0,0.0,0.0,0.0,0.0,0.0,0.0
4283,0.0,0.0,0.0,0.0,0.0,0.0,0.0,0.0,0.0
4284,0.0,0.0,0.0,0.0,0.0,0.0,0.0,0.0,0.0
4285,0.0,0.0,0.0,0.0,0.0,0.0,0.0,0.0,0.0
4286,0.0,0.0,0.0,0.0,0.0,0.0,0.0,0.0,0.0
4287,0.0,0.0,0.0,0.0,0.0,0.0,0.0,0.0,0.0
4288,0.0,0.0,0.0,0.0,0.0,0.0,0.0,0.0,0.0
4289,0.0,0.0,0.0,0.0,0.0,0.0,0.0,0.0,0.0
4290,0.0,0.0,0.0,0.0,0.0,0.0,0.0,0.0,0.0
4291,0.0,0.0,0.0,0.0,0.0,0.0,0.0,0.0,0.0
4292,0.0,0.0,0.0,0.0,0.0,0.0,0.0,0.0,0.0
4293,0.0,0.0,0.0,0.0,0.0,0.0,0.0,0.0,0.0
4294,0.0,0.0,0.0,0.0,0.0,0.0,0.0,0.0,0.0
4295,0.0,0.0,0.0,0.0,0.0,0.0,0.0,0.0,0.0
4296,0.0,0.0,0.0,0.0,0.0,0.0,0.0,0.0,0.0
4297,0.0,0.0,0.0,0.0,0.0,0.0,0.0,0.0,0.0
4298,0.0,0.0,0.0,0.0,0.0,0.0,0.0,0.0,0.0
4299,0.0,0.0,0.0,0.0,0.0,0.0,0.0,0.0,0.0
4300,0.0,0.0,0.0,0.0,0.0,0.0,0.0,0.0,0.0
4301,0.0,0.0,0.0,0.0,0.0,0.0,0.0,0.0,0.0
4302,0.0,0.0,0.0,0.0,0.0,0.0,0.0,0.0,0.0
4303,0.0,0.0,0.0,0.0,0.0,0.0,0.0,0.0,0.0
4304,0.0,0.0,0.0,0.0,0.0,0.0,0.0,0.0,0.0
4305,0.0,0.0,0.0,0.0,0.0,0.0,0.0,0.0,0.0
4306,0.0,0.0,0.0,0.0,0.0,0.0,0.0,0.0,0.0
4307,0.0,0.0,0.0,0.0,0.0,0.0,0.0,0.0,0.0
4308,0.0,0.0,0.0,0.0,0.0,0.0,0.0,0.0,0.0
4309,0.0,0.0,0.0,0.0,0.0,0.0,0.0,0.0,0.0
4310,0.0,0.0,0.0,0.0,0.0,0.0,0.0,0.0,0.0
4311,0.0,0.0,0.0,0.0,0.0,0.0,0.0,0.0,0.0
4312,0.0,0.0,0.0,0.0,0.0,0.0,0.0,0.0,0.0
4313,0.0,0.0,0.0,0.0,0.0,0.0,0.0,0.0,0.0
4314,0.0,0.0,0.0,0.0,0.0,0.0,0.0,0.0,0.0
4315,0.0,0.0,0.0,0.0,0.0,0.0,0.0,0.0,0.0
4316,0.0,0.0,0.0,0.0,0.0,0.0,0.0,0.0,0.0
4317,0.0,0.0,0.0,0.0,0.0,0.0,0.0,0.0,0.0
4318,0.0,0.0,0.0,0.0,0.0,0.0,0.0,0.0,0.0
4319,0.0,0.0,0.0,0.0,0.0,0.0,0.0,0.0,0.0
4320,0.0,0.0,0.0,0.0,0.0,0.0,0.0,0.0,0.0
4321,0.0,0.0,0.0,0.0,0.0,0.0,0.0,0.0,0.0
4322,0.0,0.0,0.0,0.0,0.0,0.0,0.0,0.0,0.0
4323,0.0,0.0,0.0,0.0,0.0,0.0,0.0,0.0,0.0
4324,0.0,0.0,0.0,0.0,0.0,0.0,0.0,0.0,0.0
4325,0.0,0.0,0.0,0.0,0.0,0.0,0.0,0.0,0.0
4326,0.0,0.0,0.0,0.0,0.0,0.0,0.0,0.0,0.0
4327,0.0,0.0,0.0,0.0,0.0,0.0,0.0,0.0,0.0
4328,0.0,0.0,0.0,0.0,0.0,0.0,0.0,0.0,0.0
4329,0.0,0.0,0.0,0.0,0.0,0.0,0.0,0.0,0.0
4330,0.0,0.0,0.0,0.0,0.0,0.0,0.0,0.0,0.0
4331,0.0,0.0,0.0,0.0,0.0,0.0,0.0,0.0,0.0
4332,0.0,0.0,0.0,0.0,0.0,0.0,0.0,0.0,0.0
4333,0.0,0.0,0.0,0.0,0.0,0.0,0.0,0.0,0.0
4334,0.0,0.0,0.0,0.0,0.0,0.0,0.0,0.0,0.0
4335,0.0,0.0,0.0,0.0,0.0,0.0,0.0,0.0,0.0
4336,0.0,0.0,0.0,0.0,0.0,0.0,0.0,0.0,0.0
4337,0.0,0.0,0.0,0.0,0.0,0.0,0.0,0.0,0.0
4338,0.0,0.0,0.0,0.0,0.0,0.0,0.0,0.0,0.0
4339,0.0,0.0,0.0,0.0,0.0,0.0,0.0,0.0,0.0
4340,0.0,0.0,0.0,0.0,0.0,0.0,0.0,0.0,0.0
4341,0.0,0.0,0.0,0.0,0.0,0.0,0.0,0.0,0.0
4342,0.0,0.0,0.0,0.0,0.0,0.0,0.0,0.0,0.0
4343,0.0,0.0,0.0,0.0,0.0,0.0,0.0,0.0,0.0
4344,0.0,0.0,0.0,0.0,0.0,0.0,0.0,0.0,0.0
4345,0.0,0.0,0.0,0.0,0.0,0.0,0.0,0.0,0.0
4346,0.0,0.0,0.0,0.0,0.0,0.0,0.0,0.0,0.0
4347,0.0,0.0,0.0,0.0,0.0,0.0,0.0,0.0,0.0
4348,0.0,0.0,0.0,0.0,0.0,0.0,0.0,0.0,0.0
4349,0.0,0.0,0.0,0.0,0.0,0.0,0.0,0.0,0.0
4350,0.0,0.0,0.0,0.0,0.0,0.0,0.0,0.0,0.0
4351,0.0,0.0,0.0,0.0,0.0,0.0,0.0,0.0,0.0
4352,0.0,0.0,0.0,0.0,0.0,0.0,0.0,0.0,0.0
4353,0.0,0.0,0.0,0.0,0.0,0.0,0.0,0.0,0.0
4354,0.0,0.0,0.0,0.0,0.0,0.0,0.0,0.0,0.0
4355,0.0,0.0,0.0,0.0,0.0,0.0,0.0,0.0,0.0
4356,0.0,0.0,0.0,0.0,0.0,0.0,0.0,0.0,0.0
4357,0.0,0.0,0.0,0.0,0.0,0.0,0.0,0.0,0.0
4358,0.0,0.0,0.0,0.0,0.0,0.0,0.0,0.0,0.0
4359,0.0,0.0,0.0,0.0,0.0,0.0,0.0,0.0,0.0
4360,0.0,0.0,0.0,0.0,0.0,0.0,0.0,0.0,0.0
4361,0.0,0.0,0.0,0.0,0.0,0.0,0.0,0.0,0.0
4362,0.0,0.0,0.0,0.0,0.0,0.0,0.0,0.0,0.0
4363,0.0,0.0,0.0,0.0,0.0,0.0,0.0,0.0,0.0
4364,0.0,0.0,0.0,0.0,0.0,0.0,0.0,0.0,0.0
4365,0.0,0.0,0.0,0.0,0.0,0.0,0.0,0.0,0.0
4366,0.0,0.0,0.0,0.0,0.0,0.0,0.0,0.0,0.0
4367,0.0,0.0,0.0,0.0,0.0,0.0,0.0,0.0,0.0
4368,0.0,0.0,0.0,0.0,0.0,0.0,0.0,0.0,0.0
4369,0.0,0.0,0.0,0.0,0.0,0.0,0.0,0.0,0.0
4370,0.0,0.0,0.0,0.0,0.0,0.0,0.0,0.0,0.0
4371,0.0,0.0,0.0,0.0,0.0,0.0,0.0,0.0,0.0
4372,0.0,0.0,0.0,0.0,0.0,0.0,0.0,0.0,0.0
4373,0.0,0.0,0.0,0.0,0.0,0.0,0.0,0.0,0.0
4374,0.0,0.0,0.0,0.0,0.0,0.0,0.0,0.0,0.0
4375,0.0,0.0,0.0,0.0,0.0,0.0,0.0,0.0,0.0
4376,0.0,0.0,0.0,0.0,0.0,0.0,0.0,0.0,0.0
4377,0.0,0.0,0.0,0.0,0.0,0.0,0.0,0.0,0.0
4378,0.0,0.0,0.0,0.0,0.0,0.0,0.0,0.0,0.0
4379,0.0,0.0,0.0,0.0,0.0,0.0,0.0,0.0,0.0
4380,0.0,0.0,0.0,0.0,0.0,0.0,0.0,0.0,0.0
4381,0.0,0.0,0.0,0.0,0.0,0.0,0.0,0.0,0.0
4382,0.0,0.0,0.0,0.0,0.0,0.0,0.0,0.0,0.0
4383,0.0,0.0,0.0,0.0,0.0,0.0,0.0,0.0,0.0
4384,0.0,0.0,0.0,0.0,0.0,0.0,0.0,0.0,0.0
4385,0.0,0.0,0.0,0.0,0.0,0.0,0.0,0.0,0.0
4386,0.0,0.0,0.0,0.0,0.0,0.0,0.0,0.0,0.0
4387,0.0,0.0,0.0,0.0,0.0,0.0,0.0,0.0,0.0
4388,0.0,0.0,0.0,0.0,0.0,0.0,0.0,0.0,0.0
4389,0.0,0.0,0.0,0.0,0.0,0.0,0.0,0.0,0.0
4390,0.0,0.0,0.0,0.0,0.0,0.0,0.0,0.0,0.0
4391,0.0,0.0,0.0,0.0,0.0,0.0,0.0,0.0,0.0
4392,0.0,0.0,0.0,0.0,0.0,0.0,0.0,0.0,0.0
4393,0.0,0.0,0.0,0.0,0.0,0.0,0.0,0.0,0.0
4394,0.0,0.0,0.0,0.0,0.0,0.0,0.0,0.0,0.0
4395,0.0,0.0,0.0,0.0,0.0,0.0,0.0,0.0,0.0
4396,0.0,0.0,0.0,0.0,0.0,0.0,0.0,0.0,0.0
4397,0.0,0.0,0.0,0.0,0.0,0.0,0.0,0.0,0.0
4398,0.0,0.0,0.0,0.0,0.0,0.0,0.0,0.0,0.0
4399,0.0,0.0,0.0,0.0,0.0,0.0,0.0,0.0,0.0
4400,0.0,0.0,0.0,0.0,0.0,0.0,0.0,0.0,0.0
4401,0.0,0.0,0.0,0.0,0.0,0.0,0.0,0.0,0.0
4402,0.0,0.0,0.0,0.0,0.0,0.0,0.0,0.0,0.0
4403,0.0,0.0,0.0,0.0,0.0,0.0,0.0,0.0,0.0
4404,0.0,0.0,0.0,0.0,0.0,0.0,0.0,0.0,0.0
4405,0.0,0.0,0.0,0.0,0.0,0.0,0.0,0.0,0.0
4406,0.0,0.0,0.0,0.0,0.0,0.0,0.0,0.0,0.0
4407,0.0,0.0,0.0,0.0,0.0,0.0,0.0,0.0,0.0
4408,0.0,0.0,0.0,0.0,0.0,0.0,0.0,0.0,0.0
4409,0.0,0.0,0.0,0.0,0.0,0.0,0.0,0.0,0.0
4410,0.0,0.0,0.0,0.0,0.0,0.0,0.0,0.0,0.0
4411,0.0,0.0,0.0,0.0,0.0,0.0,0.0,0.0,0.0
4412,0.0,0.0,0.0,0.0,0.0,0.0,0.0,0.0,0.0
4413,0.0,0.0,0.0,0.0,0.0,0.0,0.0,0.0,0.0
4414,0.0,0.0,0.0,0.0,0.0,0.0,0.0,0.0,0.0
4415,0.0,0.0,0.0,0.0,0.0,0.0,0.0,0.0,0.0
4416,0.0,0.0,0.0,0.0,0.0,0.0,0.0,0.0,0.0
4417,0.0,0.0,0.0,0.0,0.0,0.0,0.0,0.0,0.0
4418,0.0,0.0,0.0,0.0,0.0,0.0,0.0,0.0,0.0
4419,0.0,0.0,0.0,0.0,0.0,0.0,0.0,0.0,0.0
4420,0.0,0.0,0.0,0.0,0.0,0.0,0.0,0.0,0.0
4421,0.0,0.0,0.0,0.0,0.0,0.0,0.0,0.0,0.0
4422,0.0,0.0,0.0,0.0,0.0,0.0,0.0,0.0,0.0
4423,0.0,0.0,0.0,0.0,0.0,0.0,0.0,0.0,0.0
4424,0.0,0.0,0.0,0.0,0.0,0.0,0.0,0.0,0.0
4425,0.0,0.0,0.0,0.0,0.0,0.0,0.0,0.0,0.0
4426,0.0,0.0,0.0,0.0,0.0,0.0,0.0,0.0,0.0
4427,0.0,0.0,0.0,0.0,0.0,0.0,0.0,0.0,0.0
4428,0.0,0.0,0.0,0.0,0.0,0.0,0.0,0.0,0.0
4429,0.0,0.0,0.0,0.0,0.0,0.0,0.0,0.0,0.0
4430,0.0,0.0,0.0,0.0,0.0,0.0,0.0,0.0,0.0
4431,0.0,0.0,0.0,0.0,0.0,0.0,0.0,0.0,0.0
4432,0.0,0.0,0.0,0.0,0.0,0.0,0.0,0.0,0.0
4433,0.0,0.0,0.0,0.0,0.0,0.0,0.0,0.0,0.0
4434,0.0,0.0,0.0,0.0,0.0,0.0,0.0,0.0,0.0
4435,0.0,0.0,0.0,0.0,0.0,0.0,0.0,0.0,0.0
4436,0.0,0.0,0.0,0.0,0.0,0.0,0.0,0.0,0.0
4437,0.0,0.0,0.0,0.0,0.0,0.0,0.0,0.0,0.0
4438,0.0,0.0,0.0,0.0,0.0,0.0,0.0,0.0,0.0
4439,0.0,0.0,0.0,0.0,0.0,0.0,0.0,0.0,0.0
4440,0.0,0.0,0.0,0.0,0.0,0.0,0.0,0.0,0.0
4441,0.0,0.0,0.0,0.0,0.0,0.0,0.0,0.0,0.0
4442,0.0,0.0,0.0,0.0,0.0,0.0,0.0,0.0,0.0
4443,0.0,0.0,0.0,0.0,0.0,0.0,0.0,0.0,0.0
4444,0.0,0.0,0.0,0.0,0.0,0.0,0.0,0.0,0.0
4445,0.0,0.0,0.0,0.0,0.0,0.0,0.0,0.0,0.0
4446,0.0,0.0,0.0,0.0,0.0,0.0,0.0,0.0,0.0
4447,0.0,0.0,0.0,0.0,0.0,0.0,0.0,0.0,0.0
4448,0.0,0.0,0.0,0.0,0.0,0.0,0.0,0.0,0.0
4449,0.0,0.0,0.0,0.0,0.0,0.0,0.0,0.0,0.0
4450,0.0,0.0,0.0,0.0,0.0,0.0,0.0,0.0,0.0
4451,0.0,0.0,0.0,0.0,0.0,0.0,0.0,0.0,0.0
4452,0.0,0.0,0.0,0.0,0.0,0.0,0.0,0.0,0.0
4453,0.0,0.0,0.0,0.0,0.0,0.0,0.0,0.0,0.0
4454,0.0,0.0,0.0,0.0,0.0,0.0,0.0,0.0,0.0
4455,0.0,0.0,0.0,0.0,0.0,0.0,0.0,0.0,0.0
4456,0.0,0.0,0.0,0.0,0.0,0.0,0.0,0.0,0.0
4457,0.0,0.0,0.0,0.0,0.0,0.0,0.0,0.0,0.0
4458,0.0,0.0,0.0,0.0,0.0,0.0,0.0,0.0,0.0
4459,0.0,0.0,0.0,0.0,0.0,0.0,0.0,0.0,0.0
4460,0.0,0.0,0.0,0.0,0.0,0.0,0.0,0.0,0.0
4461,0.0,0.0,0.0,0.0,0.0,0.0,0.0,0.0,0.0
4462,0.0,0.0,0.0,0.0,0.0,0.0,0.0,0.0,0.0
4463,0.0,0.0,0.0,0.0,0.0,0.0,0.0,0.0,0.0
4464,0.0,0.0,0.0,0.0,0.0,0.0,0.0,0.0,0.0
4465,0.0,0.0,0.0,0.0,0.0,0.0,0.0,0.0,0.0
4466,0.0,0.0,0.0,0.0,0.0,0.0,0.0,0.0,0.0
4467,0.0,0.0,0.0,0.0,0.0,0.0,0.0,0.0,0.0
4468,0.0,0.0,0.0,0.0,0.0,0.0,0.0,0.0,0.0
4469,0.0,0.0,0.0,0.0,0.0,0.0,0.0,0.0,0.0
4470,0.0,0.0,0.0,0.0,0.0,0.0,0.0,0.0,0.0
4471,0.0,0.0,0.0,0.0,0.0,0.0,0.0,0.0,0.0
4472,0.0,0.0,0.0,0.0,0.0,0.0,0.0,0.0,0.0
4473,0.0,0.0,0.0,0.0,0.0,0.0,0.0,0.0,0.0
4474,0.0,0.0,0.0,0.0,0.0,0.0,0.0,0.0,0.0
4475,0.0,0.0,0.0,0.0,0.0,0.0,0.0,0.0,0.0
4476,0.0,0.0,0.0,0.0,0.0,0.0,0.0,0.0,0.0
4477,0.0,0.0,0.0,0.0,0.0,0.0,0.0,0.0,0.0
4478,0.0,0.0,0.0,0.0,0.0,0.0,0.0,0.0,0.0
4479,0.0,0.0,0.0,0.0,0.0,0.0,0.0,0.0,0.0
4480,0.0,0.0,0.0,0.0,0.0,0.0,0.0,0.0,0.0
4481,0.0,0.0,0.0,0.0,0.0,0.0,0.0,0.0,0.0
4482,0.0,0.0,0.0,0.0,0.0,0.0,0.0,0.0,0.0
4483,0.0,0.0,0.0,0.0,0.0,0.0,0.0,0.0,0.0
4484,0.0,0.0,0.0,0.0,0.0,0.0,0.0,0.0,0.0
4485,0.0,0.0,0.0,0.0,0.0,0.0,0.0,0.0,0.0
4486,0.0,0.0,0.0,0.0,0.0,0.0,0.0,0.0,0.0
4487,0.0,0.0,0.0,0.0,0.0,0.0,0.0,0.0,0.0
4488,0.0,0.0,0.0,0.0,0.0,0.0,0.0,0.0,0.0
4489,0.0,0.0,0.0,0.0,0.0,0.0,0.0,0.0,0.0
4490,0.0,0.0,0.0,0.0,0.0,0.0,0.0,0.0,0.0
4491,0.0,0.0,0.0,0.0,0.0,0.0,0.0,0.0,0.0
4492,0.0,0.0,0.0,0.0,0.0,0.0,0.0,0.0,0.0
4493,0.0,0.0,0.0,0.0,0.0,0.0,0.0,0.0,0.0
4494,0.0,0.0,0.0,0.0,0.0,0.0,0.0,0.0,0.0
4495,0.0,0.0,0.0,0.0,0.0,0.0,0.0,0.0,0.0
4496,0.0,0.0,0.0,0.0,0.0,0.0,0.0,0.0,0.0
4497,0.0,0.0,0.0,0.0,0.0,0.0,0.0,0.0,0.0
4498,0.0,0.0,0.0,0.0,0.0,0.0,0.0,0.0,0.0
4499,0.0,0.0,0.0,0.0,0.0,0.0,0.0,0.0,0.0
4500,0.0,0.0,0.0,0.0,0.0,0.0,0.0,0.0,0.0
4501,0.0,0.0,0.0,0.0,0.0,0.0,0.0,0.0,0.0
4502,0.0,0.0,0.0,0.0,0.0,0.0,0.0,0.0,0.0
4503,0.0,0.0,0.0,0.0,0.0,0.0,0.0,0.0,0.0
4504,0.0,0.0,0.0,0.0,0.0,0.0,0.0,0.0,0.0
4505,0.0,0.0,0.0,0.0,0.0,0.0,0.0,0.0,0.0
4506,0.0,0.0,0.0,0.0,0.0,0.0,0.0,0.0,0.0
4507,0.0,0.0,0.0,0.0,0.0,0.0,0.0,0.0,0.0
4508,0.0,0.0,0.0,0.0,0.0,0.0,0.0,0.0,0.0
4509,0.0,0.0,0.0,0.0,0.0,0.0,0.0,0.0,0.0
4510,0.0,0.0,0.0,0.0,0.0,0.0,0.0,0.0,0.0
4511,0.0,0.0,0.0,0.0,0.0,0.0,0.0,0.0,0.0
4512,0.0,0.0,0.0,0.0,0.0,0.0,0.0,0.0,0.0
4513,0.0,0.0,0.0,0.0,0.0,0.0,0.0,0.0,0.0
4514,0.0,0.0,0.0,0.0,0.0,0.0,0.0,0.0,0.0
4515,0.0,0.0,0.0,0.0,0.0,0.0,0.0,0.0,0.0
4516,0.0,0.0,0.0,0.0,0.0,0.0,0.0,0.0,0.0
4517,0.0,0.0,0.0,0.0,0.0,0.0,0.0,0.0,0.0
4518,0.0,0.0,0.0,0.0,0.0,0.0,0.0,0.0,0.0
4519,0.0,0.0,0.0,0.0,0.0,0.0,0.0,0.0,0.0
4520,0.0,0.0,0.0,0.0,0.0,0.0,0.0,0.0,0.0
4521,0.0,0.0,0.0,0.0,0.0,0.0,0.0,0.0,0.0
4522,0.0,0.0,0.0,0.0,0.0,0.0,0.0,0.0,0.0
4523,0.0,0.0,0.0,0.0,0.0,0.0,0.0,0.0,0.0
4524,0.0,0.0,0.0,0.0,0.0,0.0,0.0,0.0,0.0
4525,0.0,0.0,0.0,0.0,0.0,0.0,0.0,0.0,0.0
4526,0.0,0.0,0.0,0.0,0.0,0.0,0.0,0.0,0.0
4527,0.0,0.0,0.0,0.0,0.0,0.0,0.0,0.0,0.0
4528,0.0,0.0,0.0,0.0,0.0,0.0,0.0,0.0,0.0
4529,0.0,0.0,0.0,0.0,0.0,0.0,0.0,0.0,0.0
4530,0.0,0.0,0.0,0.0,0.0,0.0,0.0,0.0,0.0
4531,0.0,0.0,0.0,0.0,0.0,0.0,0.0,0.0,0.0
4532,0.0,0.0,0.0,0.0,0.0,0.0,0.0,0.0,0.0
4533,0.0,0.0,0.0,0.0,0.0,0.0,0.0,0.0,0.0
4534,0.0,0.0,0.0,0.0,0.0,0.0,0.0,0.0,0.0
4535,0.0,0.0,0.0,0.0,0.0,0.0,0.0,0.0,0.0
4536,0.0,0.0,0.0,0.0,0.0,0.0,0.0,0.0,0.0
4537,0.0,0.0,0.0,0.0,0.0,0.0,0.0,0.0,0.0
4538,0.0,0.0,0.0,0.0,0.0,0.0,0.0,0.0,0.0
4539,0.0,0.0,0.0,0.0,0.0,0.0,0.0,0.0,0.0
4540,0.0,0.0,0.0,0.0,0.0,0.0,0.0,0.0,0.0
4541,0.0,0.0,0.0,0.0,0.0,0.0,0.0,0.0,0.0
4542,0.0,0.0,0.0,0.0,0.0,0.0,0.0,0.0,0.0
4543,0.0,0.0,0.0,0.0,0.0,0.0,0.0,0.0,0.0
4544,0.0,0.0,0.0,0.0,0.0,0.0,0.0,0.0,0.0
4545,0.0,0.0,0.0,0.0,0.0,0.0,0.0,0.0,0.0
4546,0.0,0.0,0.0,0.0,0.0,0.0,0.0,0.0,0.0
4547,0.0,0.0,0.0,0.0,0.0,0.0,0.0,0.0,0.0
4548,0.0,0.0,0.0,0.0,0.0,0.0,0.0,0.0,0.0
4549,0.0,0.0,0.0,0.0,0.0,0.0,0.0,0.0,0.0
4550,0.0,0.0,0.0,0.0,0.0,0.0,0.0,0.0,0.0
4551,0.0,0.0,0.0,0.0,0.0,0.0,0.0,0.0,0.0
4552,0.0,0.0,0.0,0.0,0.0,0.0,0.0,0.0,0.0
4553,0.0,0.0,0.0,0.0,0.0,0.0,0.0,0.0,0.0
4554,0.0,0.0,0.0,0.0,0.0,0.0,0.0,0.0,0.0
4555,0.0,0.0,0.0,0.0,0.0,0.0,0.0,0.0,0.0
4556,0.0,0.0,0.0,0.0,0.0,0.0,0.0,0.0,0.0
4557,0.0,0.0,0.0,0.0,0.0,0.0,0.0,0.0,0.0
4558,0.0,0.0,0.0,0.0,0.0,0.0,0.0,0.0,0.0
4559,0.0,0.0,0.0,0.0,0.0,0.0,0.0,0.0,0.0
4560,0.0,0.0,0.0,0.0,0.0,0.0,0.0,0.0,0.0
4561,0.0,0.0,0.0,0.0,0.0,0.0,0.0,0.0,0.0
4562,0.0,0.0,0.0,0.0,0.0,0.0,0.0,0.0,0.0
4563,0.0,0.0,0.0,0.0,0.0,0.0,0.0,0.0,0.0
4564,0.0,0.0,0.0,0.0,0.0,0.0,0.0,0.0,0.0
4565,0.0,0.0,0.0,0.0,0.0,0.0,0.0,0.0,0.0
4566,0.0,0.0,0.0,0.0,0.0,0.0,0.0,0.0,0.0
4567,0.0,0.0,0.0,0.0,0.0,0.0,0.0,0.0,0.0
4568,0.0,0.0,0.0,0.0,0.0,0.0,0.0,0.0,0.0
4569,0.0,0.0,0.0,0.0,0.0,0.0,0.0,0.0,0.0
4570,0.0,0.0,0.0,0.0,0.0,0.0,0.0,0.0,0.0
4571,0.0,0.0,0.0,0.0,0.0,0.0,0.0,0.0,0.0
4572,0.0,0.0,0.0,0.0,0.0,0.0,0.0,0.0,0.0
4573,0.0,0.0,0.0,0.0,0.0,0.0,0.0,0.0,0.0
4574,0.0,0.0,0.0,0.0,0.0,0.0,0.0,0.0,0.0
4575,0.0,0.0,0.0,0.0,0.0,0.0,0.0,0.0,0.0
4576,0.0,0.0,0.0,0.0,0.0,0.0,0.0,0.0,0.0
4577,0.0,0.0,0.0,0.0,0.0,0.0,0.0,0.0,0.0
4578,0.0,0.0,0.0,0.0,0.0,0.0,0.0,0.0,0.0
4579,0.0,0.0,0.0,0.0,0.0,0.0,0.0,0.0,0.0
4580,0.0,0.0,0.0,0.0,0.0,0.0,0.0,0.0,0.0
4581,0.0,0.0,0.0,0.0,0.0,0.0,0.0,0.0,0.0
4582,0.0,0.0,0.0,0.0,0.0,0.0,0.0,0.0,0.0
4583,0.0,0.0,0.0,0.0,0.0,0.0,0.0,0.0,0.0
4584,0.0,0.0,0.0,0.0,0.0,0.0,0.0,0.0,0.0
4585,0.0,0.0,0.0,0.0,0.0,0.0,0.0,0.0,0.0
4586,0.0,0.0,0.0,0.0,0.0,0.0,0.0,0.0,0.0
4587,0.0,0.0,0.0,0.0,0.0,0.0,0.0,0.0,0.0
4588,0.0,0.0,0.0,0.0,0.0,0.0,0.0,0.0,0.0
4589,0.0,0.0,0.0,0.0,0.0,0.0,0.0,0.0,0.0
4590,0.0,0.0,0.0,0.0,0.0,0.0,0.0,0.0,0.0
4591,0.0,0.0,0.0,0.0,0.0,0.0,0.0,0.0,0.0
4592,0.0,0.0,0.0,0.0,0.0,0.0,0.0,0.0,0.0
4593,0.0,0.0,0.0,0.0,0.0,0.0,0.0,0.0,0.0
4594,0.0,0.0,0.0,0.0,0.0,0.0,0.0,0.0,0.0
4595,0.0,0.0,0.0,0.0,0.0,0.0,0.0,0.0,0.0
4596,0.0,0.0,0.0,0.0,0.0,0.0,0.0,0.0,0.0
4597,0.0,0.0,0.0,0.0,0.0,0.0,0.0,0.0,0.0
4598,0.0,0.0,0.0,0.0,0.0,0.0,0.0,0.0,0.0
4599,0.0,0.0,0.0,0.0,0.0,0.0,0.0,0.0,0.0
4600,0.0,0.0,0.0,0.0,0.0,0.0,0.0,0.0,0.0
4601,0.0,0.0,0.0,0.0,0.0,0.0,0.0,0.0,0.0
4602,0.0,0.0,0.0,0.0,0.0,0.0,0.0,0.0,0.0
4603,0.0,0.0,0.0,0.0,0.0,0.0,0.0,0.0,0.0
4604,0.0,0.0,0.0,0.0,0.0,0.0,0.0,0.0,0.0
4605,0.0,0.0,0.0,0.0,0.0,0.0,0.0,0.0,0.0
4606,0.0,0.0,0.0,0.0,0.0,0.0,0.0,0.0,0.0
4607,0.0,0.0,0.0,0.0,0.0,0.0,0.0,0.0,0.0
4608,0.0,0.0,0.0,0.0,0.0,0.0,0.0,0.0,0.0
4609,0.0,0.0,0.0,0.0,0.0,0.0,0.0,0.0,0.0
4610,0.0,0.0,0.0,0.0,0.0,0.0,0.0,0.0,0.0
4611,0.0,0.0,0.0,0.0,0.0,0.0,0.0,0.0,0.0
4612,0.0,0.0,0.0,0.0,0.0,0.0,0.0,0.0,0.0
4613,0.0,0.0,0.0,0.0,0.0,0.0,0.0,0.0,0.0
4614,0.0,0.0,0.0,0.0,0.0,0.0,0.0,0.0,0.0
4615,0.0,0.0,0.0,0.0,0.0,0.0,0.0,0.0,0.0
4616,0.0,0.0,0.0,0.0,0.0,0.0,0.0,0.0,0.0
4617,0.0,0.0,0.0,0.0,0.0,0.0,0.0,0.0,0.0
4618,0.0,0.0,0.0,0.0,0.0,0.0,0.0,0.0,0.0
4619,0.0,0.0,0.0,0.0,0.0,0.0,0.0,0.0,0.0
4620,0.0,0.0,0.0,0.0,0.0,0.0,0.0,0.0,0.0
4621,0.0,0.0,0.0,0.0,0.0,0.0,0.0,0.0,0.0
4622,0.0,0.0,0.0,0.0,0.0,0.0,0.0,0.0,0.0
4623,0.0,0.0,0.0,0.0,0.0,0.0,0.0,0.0,0.0
4624,0.0,0.0,0.0,0.0,0.0,0.0,0.0,0.0,0.0
4625,0.0,0.0,0.0,0.0,0.0,0.0,0.0,0.0,0.0
4626,0.0,0.0,0.0,0.0,0.0,0.0,0.0,0.0,0.0
4627,0.0,0.0,0.0,0.0,0.0,0.0,0.0,0.0,0.0
4628,0.0,0.0,0.0,0.0,0.0,0.0,0.0,0.0,0.0
4629,0.0,0.0,0.0,0.0,0.0,0.0,0.0,0.0,0.0
4630,0.0,0.0,0.0,0.0,0.0,0.0,0.0,0.0,0.0
4631,0.0,0.0,0.0,0.0,0.0,0.0,0.0,0.0,0.0
4632,0.0,0.0,0.0,0.0,0.0,0.0,0.0,0.0,0.0
4633,0.0,0.0,0.0,0.0,0.0,0.0,0.0,0.0,0.0
4634,0.0,0.0,0.0,0.0,0.0,0.0,0.0,0.0,0.0
4635,0.0,0.0,0.0,0.0,0.0,0.0,0.0,0.0,0.0
4636,0.0,0.0,0.0,0.0,0.0,0.0,0.0,0.0,0.0
4637,0.0,0.0,0.0,0.0,0.0,0.0,0.0,0.0,0.0
4638,0.0,0.0,0.0,0.0,0.0,0.0,0.0,0.0,0.0
4639,0.0,0.0,0.0,0.0,0.0,0.0,0.0,0.0,0.0
4640,0.0,0.0,0.0,0.0,0.0,0.0,0.0,0.0,0.0
4641,0.0,0.0,0.0,0.0,0.0,0.0,0.0,0.0,0.0
4642,0.0,0.0,0.0,0.0,0.0,0.0,0.0,0.0,0.0
4643,0.0,0.0,0.0,0.0,0.0,0.0,0.0,0.0,0.0
4644,0.0,0.0,0.0,0.0,0.0,0.0,0.0,0.0,0.0
4645,0.0,0.0,0.0,0.0,0.0,0.0,0.0,0.0,0.0
4646,0.0,0.0,0.0,0.0,0.0,0.0,0.0,0.0,0.0
4647,0.0,0.0,0.0,0.0,0.0,0.0,0.0,0.0,0.0
4648,0.0,0.0,0.0,0.0,0.0,0.0,0.0,0.0,0.0
4649,0.0,0.0,0.0,0.0,0.0,0.0,0.0,0.0,0.0
4650,0.0,0.0,0.0,0.0,0.0,0.0,0.0,0.0,0.0
4651,0.0,0.0,0.0,0.0,0.0,0.0,0.0,0.0,0.0
4652,0.0,0.0,0.0,0.0,0.0,0.0,0.0,0.0,0.0
4653,0.0,0.0,0.0,0.0,0.0,0.0,0.0,0.0,0.0
4654,0.0,0.0,0.0,0.0,0.0,0.0,0.0,0.0,0.0
4655,0.0,0.0,0.0,0.0,0.0,0.0,0.0,0.0,0.0
4656,0.0,0.0,0.0,0.0,0.0,0.0,0.0,0.0,0.0
4657,0.0,0.0,0.0,0.0,0.0,0.0,0.0,0.0,0.0
4658,0.0,0.0,0.0,0.0,0.0,0.0,0.0,0.0,0.0
4659,0.0,0.0,0.0,0.0,0.0,0.0,0.0,0.0,0.0
4660,0.0,0.0,0.0,0.0,0.0,0.0,0.0,0.0,0.0
4661,0.0,0.0,0.0,0.0,0.0,0.0,0.0,0.0,0.0
4662,0.0,0.0,0.0,0.0,0.0,0.0,0.0,0.0,0.0
4663,0.0,0.0,0.0,0.0,0.0,0.0,0.0,0.0,0.0
4664,0.0,0.0,0.0,0.0,0.0,0.0,0.0,0.0,0.0
4665,0.0,0.0,0.0,0.0,0.0,0.0,0.0,0.0,0.0
4666,0.0,0.0,0.0,0.0,0.0,0.0,0.0,0.0,0.0
4667,0.0,0.0,0.0,0.0,0.0,0.0,0.0,0.0,0.0
4668,0.0,0.0,0.0,0.0,0.0,0.0,0.0,0.0,0.0
4669,0.0,0.0,0.0,0.0,0.0,0.0,0.0,0.0,0.0
4670,0.0,0.0,0.0,0.0,0.0,0.0,0.0,0.0,0.0
4671,0.0,0.0,0.0,0.0,0.0,0.0,0.0,0.0,0.0
4672,0.0,0.0,0.0,0.0,0.0,0.0,0.0,0.0,0.0
4673,0.0,0.0,0.0,0.0,0.0,0.0,0.0,0.0,0.0
4674,0.0,0.0,0.0,0.0,0.0,0.0,0.0,0.0,0.0
4675,0.0,0.0,0.0,0.0,0.0,0.0,0.0,0.0,0.0
4676,0.0,0.0,0.0,0.0,0.0,0.0,0.0,0.0,0.0
4677,0.0,0.0,0.0,0.0,0.0,0.0,0.0,0.0,0.0
4678,0.0,0.0,0.0,0.0,0.0,0.0,0.0,0.0,0.0
4679,0.0,0.0,0.0,0.0,0.0,0.0,0.0,0.0,0.0
4680,0.0,0.0,0.0,0.0,0.0,0.0,0.0,0.0,0.0
4681,0.0,0.0,0.0,0.0,0.0,0.0,0.0,0.0,0.0
4682,0.0,0.0,0.0,0.0,0.0,0.0,0.0,0.0,0.0
4683,0.0,0.0,0.0,0.0,0.0,0.0,0.0,0.0,0.0
4684,0.0,0.0,0.0,0.0,0.0,0.0,0.0,0.0,0.0
4685,0.0,0.0,0.0,0.0,0.0,0.0,0.0,0.0,0.0
4686,0.0,0.0,0.0,0.0,0.0,0.0,0.0,0.0,0.0
4687,0.0,0.0,0.0,0.0,0.0,0.0,0.0,0.0,0.0
4688,0.0,0.0,0.0,0.0,0.0,0.0,0.0,0.0,0.0
4689,0.0,0.0,0.0,0.0,0.0,0.0,0.0,0.0,0.0
4690,0.0,0.0,0.0,0.0,0.0,0.0,0.0,0.0,0.0
4691,0.0,0.0,0.0,0.0,0.0,0.0,0.0,0.0,0.0
4692,0.0,0.0,0.0,0.0,0.0,0.0,0.0,0.0,0.0
4693,0.0,0.0,0.0,0.0,0.0,0.0,0.0,0.0,0.0
4694,0.0,0.0,0.0,0.0,0.0,0.0,0.0,0.0,0.0
4695,0.0,0.0,0.0,0.0,0.0,0.0,0.0,0.0,0.0
4696,0.0,0.0,0.0,0.0,0.0,0.0,0.0,0.0,0.0
4697,0.0,0.0,0.0,0.0,0.0,0.0,0.0,0.0,0.0
4698,0.0,0.0,0.0,0.0,0.0,0.0,0.0,0.0,0.0
4699,0.0,0.0,0.0,0.0,0.0,0.0,0.0,0.0,0.0
4700,0.0,0.0,0.0,0.0,0.0,0.0,0.0,0.0,0.0
4701,0.0,0.0,0.0,0.0,0.0,0.0,0.0,0.0,0.0
4702,0.0,0.0,0.0,0.0,0.0,0.0,0.0,0.0,0.0
4703,0.0,0.0,0.0,0.0,0.0,0.0,0.0,0.0,0.0
4704,0.0,0.0,0.0,0.0,0.0,0.0,0.0,0.0,0.0
4705,0.0,0.0,0.0,0.0,0.0,0.0,0.0,0.0,0.0
4706,0.0,0.0,0.0,0.0,0.0,0.0,0.0,0.0,0.0
4707,0.0,0.0,0.0,0.0,0.0,0.0,0.0,0.0,0.0
4708,0.0,0.0,0.0,0.0,0.0,0.0,0.0,0.0,0.0
4709,0.0,0.0,0.0,0.0,0.0,0.0,0.0,0.0,0.0
4710,0.0,0.0,0.0,0.0,0.0,0.0,0.0,0.0,0.0
4711,0.0,0.0,0.0,0.0,0.0,0.0,0.0,0.0,0.0
4712,0.0,0.0,0.0,0.0,0.0,0.0,0.0,0.0,0.0
4713,0.0,0.0,0.0,0.0,0.0,0.0,0.0,0.0,0.0
4714,0.0,0.0,0.0,0.0,0.0,0.0,0.0,0.0,0.0
4715,0.0,0.0,0.0,0.0,0.0,0.0,0.0,0.0,0.0
4716,0.0,0.0,0.0,0.0,0.0,0.0,0.0,0.0,0.0
4717,0.0,0.0,0.0,0.0,0.0,0.0,0.0,0.0,0.0
4718,0.0,0.0,0.0,0.0,0.0,0.0,0.0,0.0,0.0
4719,0.0,0.0,0.0,0.0,0.0,0.0,0.0,0.0,0.0
4720,0.0,0.0,0.0,0.0,0.0,0.0,0.0,0.0,0.0
4721,0.0,0.0,0.0,0.0,0.0,0.0,0.0,0.0,0.0
4722,0.0,0.0,0.0,0.0,0.0,0.0,0.0,0.0,0.0
4723,0.0,0.0,0.0,0.0,0.0,0.0,0.0,0.0,0.0
4724,0.0,0.0,0.0,0.0,0.0,0.0,0.0,0.0,0.0
4725,0.0,0.0,0.0,0.0,0.0,0.0,0.0,0.0,0.0
4726,0.0,0.0,0.0,0.0,0.0,0.0,0.0,0.0,0.0
4727,0.0,0.0,0.0,0.0,0.0,0.0,0.0,0.0,0.0
4728,0.0,0.0,0.0,0.0,0.0,0.0,0.0,0.0,0.0
4729,0.0,0.0,0.0,0.0,0.0,0.0,0.0,0.0,0.0
4730,0.0,0.0,0.0,0.0,0.0,0.0,0.0,0.0,0.0
4731,0.0,0.0,0.0,0.0,0.0,0.0,0.0,0.0,0.0
4732,0.0,0.0,0.0,0.0,0.0,0.0,0.0,0.0,0.0
4733,0.0,0.0,0.0,0.0,0.0,0.0,0.0,0.0,0.0
4734,0.0,0.0,0.0,0.0,0.0,0.0,0.0,0.0,0.0
4735,0.0,0.0,0.0,0.0,0.0,0.0,0.0,0.0,0.0
4736,0.0,0.0,0.0,0.0,0.0,0.0,0.0,0.0,0.0
4737,0.0,0.0,0.0,0.0,0.0,0.0,0.0,0.0,0.0
4738,0.0,0.0,0.0,0.0,0.0,0.0,0.0,0.0,0.0
4739,0.0,0.0,0.0,0.0,0.0,0.0,0.0,0.0,0.0
4740,0.0,0.0,0.0,0.0,0.0,0.0,0.0,0.0,0.0
4741,0.0,0.0,0.0,0.0,0.0,0.0,0.0,0.0,0.0
4742,0.0,0.0,0.0,0.0,0.0,0.0,0.0,0.0,0.0
4743,0.0,0.0,0.0,0.0,0.0,0.0,0.0,0.0,0.0
4744,0.0,0.0,0.0,0.0,0.0,0.0,0.0,0.0,0.0
4745,0.0,0.0,0.0,0.0,0.0,0.0,0.0,0.0,0.0
4746,0.0,0.0,0.0,0.0,0.0,0.0,0.0,0.0,0.0
4747,0.0,0.0,0.0,0.0,0.0,0.0,0.0,0.0,0.0
4748,0.0,0.0,0.0,0.0,0.0,0.0,0.0,0.0,0.0
4749,0.0,0.0,0.0,0.0,0.0,0.0,0.0,0.0,0.0
4750,0.0,0.0,0.0,0.0,0.0,0.0,0.0,0.0,0.0
4751,0.0,0.0,0.0,0.0,0.0,0.0,0.0,0.0,0.0
4752,0.0,0.0,0.0,0.0,0.0,0.0,0.0,0.0,0.0
4753,0.0,0.0,0.0,0.0,0.0,0.0,0.0,0.0,0.0
4754,0.0,0.0,0.0,0.0,0.0,0.0,0.0,0.0,0.0
4755,0.0,0.0,0.0,0.0,0.0,0.0,0.0,0.0,0.0
4756,0.0,0.0,0.0,0.0,0.0,0.0,0.0,0.0,0.0
4757,0.0,0.0,0.0,0.0,0.0,0.0,0.0,0.0,0.0
4758,0.0,0.0,0.0,0.0,0.0,0.0,0.0,0.0,0.0
4759,0.0,0.0,0.0,0.0,0.0,0.0,0.0,0.0,0.0
4760,0.0,0.0,0.0,0.0,0.0,0.0,0.0,0.0,0.0
4761,0.0,0.0,0.0,0.0,0.0,0.0,0.0,0.0,0.0
4762,0.0,0.0,0.0,0.0,0.0,0.0,0.0,0.0,0.0
4763,0.0,0.0,0.0,0.0,0.0,0.0,0.0,0.0,0.0
4764,0.0,0.0,0.0,0.0,0.0,0.0,0.0,0.0,0.0
4765,0.0,0.0,0.0,0.0,0.0,0.0,0.0,0.0,0.0
4766,0.0,0.0,0.0,0.0,0.0,0.0,0.0,0.0,0.0
4767,0.0,0.0,0.0,0.0,0.0,0.0,0.0,0.0,0.0
4768,0.0,0.0,0.0,0.0,0.0,0.0,0.0,0.0,0.0
4769,0.0,0.0,0.0,0.0,0.0,0.0,0.0,0.0,0.0
4770,0.0,0.0,0.0,0.0,0.0,0.0,0.0,0.0,0.0
4771,0.0,0.0,0.0,0.0,0.0,0.0,0.0,0.0,0.0
4772,0.0,0.0,0.0,0.0,0.0,0.0,0.0,0.0,0.0
4773,0.0,0.0,0.0,0.0,0.0,0.0,0.0,0.0,0.0
4774,0.0,0.0,0.0,0.0,0.0,0.0,0.0,0.0,0.0
4775,0.0,0.0,0.0,0.0,0.0,0.0,0.0,0.0,0.0
4776,0.0,0.0,0.0,0.0,0.0,0.0,0.0,0.0,0.0
4777,0.0,0.0,0.0,0.0,0.0,0.0,0.0,0.0,0.0
4778,0.0,0.0,0.0,0.0,0.0,0.0,0.0,0.0,0.0
4779,0.0,0.0,0.0,0.0,0.0,0.0,0.0,0.0,0.0
4780,0.0,0.0,0.0,0.0,0.0,0.0,0.0,0.0,0.0
4781,0.0,0.0,0.0,0.0,0.0,0.0,0.0,0.0,0.0
4782,0.0,0.0,0.0,0.0,0.0,0.0,0.0,0.0,0.0
4783,0.0,0.0,0.0,0.0,0.0,0.0,0.0,0.0,0.0
4784,0.0,0.0,0.0,0.0,0.0,0.0,0.0,0.0,0.0
4785,0.0,0.0,0.0,0.0,0.0,0.0,0.0,0.0,0.0
4786,0.0,0.0,0.0,0.0,0.0,0.0,0.0,0.0,0.0
4787,0.0,0.0,0.0,0.0,0.0,0.0,0.0,0.0,0.0
4788,0.0,0.0,0.0,0.0,0.0,0.0,0.0,0.0,0.0
4789,0.0,0.0,0.0,0.0,0.0,0.0,0.0,0.0,0.0
4790,0.0,0.0,0.0,0.0,0.0,0.0,0.0,0.0,0.0
4791,0.0,0.0,0.0,0.0,0.0,0.0,0.0,0.0,0.0
4792,0.0,0.0,0.0,0.0,0.0,0.0,0.0,0.0,0.0
4793,0.0,0.0,0.0,0.0,0.0,0.0,0.0,0.0,0.0
4794,0.0,0.0,0.0,0.0,0.0,0.0,0.0,0.0,0.0
4795,0.0,0.0,0.0,0.0,0.0,0.0,0.0,0.0,0.0
4796,0.0,0.0,0.0,0.0,0.0,0.0,0.0,0.0,0.0
4797,0.0,0.0,0.0,0.0,0.0,0.0,0.0,0.0,0.0
4798,0.0,0.0,0.0,0.0,0.0,0.0,0.0,0.0,0.0
4799,0.0,0.0,0.0,0.0,0.0,0.0,0.0,0.0,0.0
4800,0.0,0.0,0.0,0.0,0.0,0.0,0.0,0.0,0.0
4801,0.0,0.0,0.0,0.0,0.0,0.0,0.0,0.0,0.0
4802,0.0,0.0,0.0,0.0,0.0,0.0,0.0,0.0,0.0
4803,0.0,0.0,0.0,0.0,0.0,0.0,0.0,0.0,0.0
4804,0.0,0.0,0.0,0.0,0.0,0.0,0.0,0.0,0.0
4805,0.0,0.0,0.0,0.0,0.0,0.0,0.0,0.0,0.0
4806,0.0,0.0,0.0,0.0,0.0,0.0,0.0,0.0,0.0
4807,0.0,0.0,0.0,0.0,0.0,0.0,0.0,0.0,0.0
4808,0.0,0.0,0.0,0.0,0.0,0.0,0.0,0.0,0.0
4809,0.0,0.0,0.0,0.0,0.0,0.0,0.0,0.0,0.0
4810,0.0,0.0,0.0,0.0,0.0,0.0,0.0,0.0,0.0
4811,0.0,0.0,0.0,0.0,0.0,0.0,0.0,0.0,0.0
4812,0.0,0.0,0.0,0.0,0.0,0.0,0.0,0.0,0.0
4813,0.0,0.0,0.0,0.0,0.0,0.0,0.0,0.0,0.0
4814,0.0,0.0,0.0,0.0,0.0,0.0,0.0,0.0,0.0
4815,0.0,0.0,0.0,0.0,0.0,0.0,0.0,0.0,0.0
4816,0.0,0.0,0.0,0.0,0.0,0.0,0.0,0.0,0.0
4817,0.0,0.0,0.0,0.0,0.0,0.0,0.0,0.0,0.0
4818,0.0,0.0,0.0,0.0,0.0,0.0,0.0,0.0,0.0
4819,0.0,0.0,0.0,0.0,0.0,0.0,0.0,0.0,0.0
4820,0.0,0.0,0.0,0.0,0.0,0.0,0.0,0.0,0.0
4821,0.0,0.0,0.0,0.0,0.0,0.0,0.0,0.0,0.0
4822,0.0,0.0,0.0,0.0,0.0,0.0,0.0,0.0,0.0
4823,0.0,0.0,0.0,0.0,0.0,0.0,0.0,0.0,0.0
4824,0.0,0.0,0.0,0.0,0.0,0.0,0.0,0.0,0.0
4825,0.0,0.0,0.0,0.0,0.0,0.0,0.0,0.0,0.0
4826,0.0,0.0,0.0,0.0,0.0,0.0,0.0,0.0,0.0
4827,0.0,0.0,0.0,0.0,0.0,0.0,0.0,0.0,0.0
4828,0.0,0.0,0.0,0.0,0.0,0.0,0.0,0.0,0.0
4829,0.0,0.0,0.0,0.0,0.0,0.0,0.0,0.0,0.0
4830,0.0,0.0,0.0,0.0,0.0,0.0,0.0,0.0,0.0
4831,0.0,0.0,0.0,0.0,0.0,0.0,0.0,0.0,0.0
4832,0.0,0.0,0.0,0.0,0.0,0.0,0.0,0.0,0.0
4833,0.0,0.0,0.0,0.0,0.0,0.0,0.0,0.0,0.0
4834,0.0,0.0,0.0,0.0,0.0,0.0,0.0,0.0,0.0
4835,0.0,0.0,0.0,0.0,0.0,0.0,0.0,0.0,0.0
4836,0.0,0.0,0.0,0.0,0.0,0.0,0.0,0.0,0.0
4837,0.0,0.0,0.0,0.0,0.0,0.0,0.0,0.0,0.0
4838,0.0,0.0,0.0,0.0,0.0,0.0,0.0,0.0,0.0
4839,0.0,0.0,0.0,0.0,0.0,0.0,0.0,0.0,0.0
4840,0.0,0.0,0.0,0.0,0.0,0.0,0.0,0.0,0.0
4841,0.0,0.0,0.0,0.0,0.0,0.0,0.0,0.0,0.0
4842,0.0,0.0,0.0,0.0,0.0,0.0,0.0,0.0,0.0
4843,0.0,0.0,0.0,0.0,0.0,0.0,0.0,0.0,0.0
4844,0.0,0.0,0.0,0.0,0.0,0.0,0.0,0.0,0.0
4845,0.0,0.0,0.0,0.0,0.0,0.0,0.0,0.0,0.0
4846,0.0,0.0,0.0,0.0,0.0,0.0,0.0,0.0,0.0
4847,0.0,0.0,0.0,0.0,0.0,0.0,0.0,0.0,0.0
4848,0.0,0.0,0.0,0.0,0.0,0.0,0.0,0.0,0.0
4849,0.0,0.0,0.0,0.0,0.0,0.0,0.0,0.0,0.0
4850,0.0,0.0,0.0,0.0,0.0,0.0,0.0,0.0,0.0
4851,0.0,0.0,0.0,0.0,0.0,0.0,0.0,0.0,0.0
4852,0.0,0.0,0.0,0.0,0.0,0.0,0.0,0.0,0.0
4853,0.0,0.0,0.0,0.0,0.0,0.0,0.0,0.0,0.0
4854,0.0,0.0,0.0,0.0,0.0,0.0,0.0,0.0,0.0
4855,0.0,0.0,0.0,0.0,0.0,0.0,0.0,0.0,0.0
4856,0.0,0.0,0.0,0.0,0.0,0.0,0.0,0.0,0.0
4857,0.0,0.0,0.0,0.0,0.0,0.0,0.0,0.0,0.0
4858,0.0,0.0,0.0,0.0,0.0,0.0,0.0,0.0,0.0
4859,0.0,0.0,0.0,0.0,0.0,0.0,0.0,0.0,0.0
4860,0.0,0.0,0.0,0.0,0.0,0.0,0.0,0.0,0.0
4861,0.0,0.0,0.0,0.0,0.0,0.0,0.0,0.0,0.0
4862,0.0,0.0,0.0,0.0,0.0,0.0,0.0,0.0,0.0
4863,0.0,0.0,0.0,0.0,0.0,0.0,0.0,0.0,0.0
4864,0.0,0.0,0.0,0.0,0.0,0.0,0.0,0.0,0.0
4865,0.0,0.0,0.0,0.0,0.0,0.0,0.0,0.0,0.0
4866,0.0,0.0,0.0,0.0,0.0,0.0,0.0,0.0,0.0
4867,0.0,0.0,0.0,0.0,0.0,0.0,0.0,0.0,0.0
4868,0.0,0.0,0.0,0.0,0.0,0.0,0.0,0.0,0.0
4869,0.0,0.0,0.0,0.0,0.0,0.0,0.0,0.0,0.0
4870,0.0,0.0,0.0,0.0,0.0,0.0,0.0,0.0,0.0
4871,0.0,0.0,0.0,0.0,0.0,0.0,0.0,0.0,0.0
4872,0.0,0.0,0.0,0.0,0.0,0.0,0.0,0.0,0.0
4873,0.0,0.0,0.0,0.0,0.0,0.0,0.0,0.0,0.0
4874,0.0,0.0,0.0,0.0,0.0,0.0,0.0,0.0,0.0
4875,0.0,0.0,0.0,0.0,0.0,0.0,0.0,0.0,0.0
4876,0.0,0.0,0.0,0.0,0.0,0.0,0.0,0.0,0.0
4877,0.0,0.0,0.0,0.0,0.0,0.0,0.0,0.0,0.0
4878,0.0,0.0,0.0,0.0,0.0,0.0,0.0,0.0,0.0
4879,0.0,0.0,0.0,0.0,0.0,0.0,0.0,0.0,0.0
4880,0.0,0.0,0.0,0.0,0.0,0.0,0.0,0.0,0.0
4881,0.0,0.0,0.0,0.0,0.0,0.0,0.0,0.0,0.0
4882,0.0,0.0,0.0,0.0,0.0,0.0,0.0,0.0,0.0
4883,0.0,0.0,0.0,0.0,0.0,0.0,0.0,0.0,0.0
4884,0.0,0.0,0.0,0.0,0.0,0.0,0.0,0.0,0.0
4885,0.0,0.0,0.0,0.0,0.0,0.0,0.0,0.0,0.0
4886,0.0,0.0,0.0,0.0,0.0,0.0,0.0,0.0,0.0
4887,0.0,0.0,0.0,0.0,0.0,0.0,0.0,0.0,0.0
4888,0.0,0.0,0.0,0.0,0.0,0.0,0.0,0.0,0.0
4889,0.0,0.0,0.0,0.0,0.0,0.0,0.0,0.0,0.0
4890,0.0,0.0,0.0,0.0,0.0,0.0,0.0,0.0,0.0
4891,0.0,0.0,0.0,0.0,0.0,0.0,0.0,0.0,0.0
4892,0.0,0.0,0.0,0.0,0.0,0.0,0.0,0.0,0.0
4893,0.0,0.0,0.0,0.0,0.0,0.0,0.0,0.0,0.0
4894,0.0,0.0,0.0,0.0,0.0,0.0,0.0,0.0,0.0
4895,0.0,0.0,0.0,0.0,0.0,0.0,0.0,0.0,0.0
4896,0.0,0.0,0.0,0.0,0.0,0.0,0.0,0.0,0.0
4897,0.0,0.0,0.0,0.0,0.0,0.0,0.0,0.0,0.0
4898,0.0,0.0,0.0,0.0,0.0,0.0,0.0,0.0,0.0
4899,0.0,0.0,0.0,0.0,0.0,0.0,0.0,0.0,0.0
4900,0.0,0.0,0.0,0.0,0.0,0.0,0.0,0.0,0.0
4901,0.0,0.0,0.0,0.0,0.0,0.0,0.0,0.0,0.0
4902,0.0,0.0,0.0,0.0,0.0,0.0,0.0,0.0,0.0
4903,0.0,0.0,0.0,0.0,0.0,0.0,0.0,0.0,0.0
4904,0.0,0.0,0.0,0.0,0.0,0.0,0.0,0.0,0.0
4905,0.0,0.0,0.0,0.0,0.0,0.0,0.0,0.0,0.0
4906,0.0,0.0,0.0,0.0,0.0,0.0,0.0,0.0,0.0
4907,0.0,0.0,0.0,0.0,0.0,0.0,0.0,0.0,0.0
4908,0.0,0.0,0.0,0.0,0.0,0.0,0.0,0.0,0.0
4909,0.0,0.0,0.0,0.0,0.0,0.0,0.0,0.0,0.0
4910,0.0,0.0,0.0,0.0,0.0,0.0,0.0,0.0,0.0
4911,0.0,0.0,0.0,0.0,0.0,0.0,0.0,0.0,0.0
4912,0.0,0.0,0.0,0.0,0.0,0.0,0.0,0.0,0.0
4913,0.0,0.0,0.0,0.0,0.0,0.0,0.0,0.0,0.0
4914,0.0,0.0,0.0,0.0,0.0,0.0,0.0,0.0,0.0
4915,0.0,0.0,0.0,0.0,0.0,0.0,0.0,0.0,0.0
4916,0.0,0.0,0.0,0.0,0.0,0.0,0.0,0.0,0.0
4917,0.0,0.0,0.0,0.0,0.0,0.0,0.0,0.0,0.0
4918,0.0,0.0,0.0,0.0,0.0,0.0,0.0,0.0,0.0
4919,0.0,0.0,0.0,0.0,0.0,0.0,0.0,0.0,0.0
4920,0.0,0.0,0.0,0.0,0.0,0.0,0.0,0.0,0.0
4921,0.0,0.0,0.0,0.0,0.0,0.0,0.0,0.0,0.0
4922,0.0,0.0,0.0,0.0,0.0,0.0,0.0,0.0,0.0
4923,0.0,0.0,0.0,0.0,0.0,0.0,0.0,0.0,0.0
4924,0.0,0.0,0.0,0.0,0.0,0.0,0.0,0.0,0.0
4925,0.0,0.0,0.0,0.0,0.0,0.0,0.0,0.0,0.0
4926,0.0,0.0,0.0,0.0,0.0,0.0,0.0,0.0,0.0
4927,0.0,0.0,0.0,0.0,0.0,0.0,0.0,0.0,0.0
4928,0.0,0.0,0.0,0.0,0.0,0.0,0.0,0.0,0.0
4929,0.0,0.0,0.0,0.0,0.0,0.0,0.0,0.0,0.0
4930,0.0,0.0,0.0,0.0,0.0,0.0,0.0,0.0,0.0
4931,0.0,0.0,0.0,0.0,0.0,0.0,0.0,0.0,0.0
4932,0.0,0.0,0.0,0.0,0.0,0.0,0.0,0.0,0.0
4933,0.0,0.0,0.0,0.0,0.0,0.0,0.0,0.0,0.0
4934,0.0,0.0,0.0,0.0,0.0,0.0,0.0,0.0,0.0
4935,0.0,0.0,0.0,0.0,0.0,0.0,0.0,0.0,0.0
4936,0.0,0.0,0.0,0.0,0.0,0.0,0.0,0.0,0.0
4937,0.0,0.0,0.0,0.0,0.0,0.0,0.0,0.0,0.0
4938,0.0,0.0,0.0,0.0,0.0,0.0,0.0,0.0,0.0
4939,0.0,0.0,0.0,0.0,0.0,0.0,0.0,0.0,0.0
4940,0.0,0.0,0.0,0.0,0.0,0.0,0.0,0.0,0.0
4941,0.0,0.0,0.0,0.0,0.0,0.0,0.0,0.0,0.0
4942,0.0,0.0,0.0,0.0,0.0,0.0,0.0,0.0,0.0
4943,0.0,0.0,0.0,0.0,0.0,0.0,0.0,0.0,0.0
4944,0.0,0.0,0.0,0.0,0.0,0.0,0.0,0.0,0.0
4945,0.0,0.0,0.0,0.0,0.0,0.0,0.0,0.0,0.0
4946,0.0,0.0,0.0,0.0,0.0,0.0,0.0,0.0,0.0
4947,0.0,0.0,0.0,0.0,0.0,0.0,0.0,0.0,0.0
4948,0.0,0.0,0.0,0.0,0.0,0.0,0.0,0.0,0.0
4949,0.0,0.0,0.0,0.0,0.0,0.0,0.0,0.0,0.0
4950,0.0,0.0,0.0,0.0,0.0,0.0,0.0,0.0,0.0
4951,0.0,0.0,0.0,0.0,0.0,0.0,0.0,0.0,0.0
4952,0.0,0.0,0.0,0.0,0.0,0.0,0.0,0.0,0.0
4953,0.0,0.0,0.0,0.0,0.0,0.0,0.0,0.0,0.0
4954,0.0,0.0,0.0,0.0,0.0,0.0,0.0,0.0,0.0
4955,0.0,0.0,0.0,0.0,0.0,0.0,0.0,0.0,0.0
4956,0.0,0.0,0.0,0.0,0.0,0.0,0.0,0.0,0.0
4957,0.0,0.0,0.0,0.0,0.0,0.0,0.0,0.0,0.0
4958,0.0,0.0,0.0,0.0,0.0,0.0,0.0,0.0,0.0
4959,0.0,0.0,0.0,0.0,0.0,0.0,0.0,0.0,0.0
4960,0.0,0.0,0.0,0.0,0.0,0.0,0.0,0.0,0.0
4961,0.0,0.0,0.0,0.0,0.0,0.0,0.0,0.0,0.0
4962,0.0,0.0,0.0,0.0,0.0,0.0,0.0,0.0,0.0
4963,0.0,0.0,0.0,0.0,0.0,0.0,0.0,0.0,0.0
4964,0.0,0.0,0.0,0.0,0.0,0.0,0.0,0.0,0.0
4965,0.0,0.0,0.0,0.0,0.0,0.0,0.0,0.0,0.0
4966,0.0,0.0,0.0,0.0,0.0,0.0,0.0,0.0,0.0
4967,0.0,0.0,0.0,0.0,0.0,0.0,0.0,0.0,0.0
4968,0.0,0.0,0.0,0.0,0.0,0.0,0.0,0.0,0.0
4969,0.0,0.0,0.0,0.0,0.0,0.0,0.0,0.0,0.0
4970,0.0,0.0,0.0,0.0,0.0,0.0,0.0,0.0,0.0
4971,0.0,0.0,0.0,0.0,0.0,0.0,0.0,0.0,0.0
4972,0.0,0.0,0.0,0.0,0.0,0.0,0.0,0.0,0.0
4973,0.0,0.0,0.0,0.0,0.0,0.0,0.0,0.0,0.0
4974,0.0,0.0,0.0,0.0,0.0,0.0,0.0,0.0,0.0
4975,0.0,0.0,0.0,0.0,0.0,0.0,0.0,0.0,0.0
4976,0.0,0.0,0.0,0.0,0.0,0.0,0.0,0.0,0.0
4977,0.0,0.0,0.0,0.0,0.0,0.0,0.0,0.0,0.0
4978,0.0,0.0,0.0,0.0,0.0,0.0,0.0,0.0,0.0
4979,0.0,0.0,0.0,0.0,0.0,0.0,0.0,0.0,0.0
4980,0.0,0.0,0.0,0.0,0.0,0.0,0.0,0.0,0.0
4981,0.0,0.0,0.0,0.0,0.0,0.0,0.0,0.0,0.0
4982,0.0,0.0,0.0,0.0,0.0,0.0,0.0,0.0,0.0
4983,0.0,0.0,0.0,0.0,0.0,0.0,0.0,0.0,0.0
4984,0.0,0.0,0.0,0.0,0.0,0.0,0.0,0.0,0.0
4985,0.0,0.0,0.0,0.0,0.0,0.0,0.0,0.0,0.0
4986,0.0,0.0,0.0,0.0,0.0,0.0,0.0,0.0,0.0
4987,0.0,0.0,0.0,0.0,0.0,0.0,0.0,0.0,0.0
4988,0.0,0.0,0.0,0.0,0.0,0.0,0.0,0.0,0.0
4989,0.0,0.0,0.0,0.0,0.0,0.0,0.0,0.0,0.0
4990,0.0,0.0,0.0,0.0,0.0,0.0,0.0,0.0,0.0
4991,0.0,0.0,0.0,0.0,0.0,0.0,0.0,0.0,0.0
4992,0.0,0.0,0.0,0.0,0.0,0.0,0.0,0.0,0.0
4993,0.0,0.0,0.0,0.0,0.0,0.0,0.0,0.0,0.0
4994,0.0,0.0,0.0,0.0,0.0,0.0,0.0,0.0,0.0
4995,0.0,0.0,0.0,0.0,0.0,0.0,0.0,0.0,0.0
4996,0.0,0.0,0.0,0.0,0.0,0.0,0.0,0.0,0.0
4997,0.0,0.0,0.0,0.0,0.0,0.0,0.0,0.0,0.0
4998,0.0,0.0,0.0,0.0,0.0,0.0,0.0,0.0,0.0
4999,0.0,0.0,0.0,0.0,0.0,0.0,0.0,0.0,0.0
5000,0.0,0.0,0.0,0.0,0.0,0.0,0.0,0.0,0.0
